27287586657093.750000000000000000
28563843494062.500000000000000000
29840100331031.250000000000000000
31116357168000.000000000000000000
32392614004968.750000000000000000
33668870841937.500000000000000000
34945127678906.250000000000000000
36221384515875.000000000000000000
37497641352843.750000000000000000
38773898189812.500000000000000000
40050155026781.250000000000000000
41326411863750.000000000000000000
42602668700718.750000000000000000
43878925537687.500000000000000000
45155182374656.250000000000000000
46431439211625.000000000000000000
47707696048593.750000000000000000
48983952885562.500000000000000000
50260209722531.250000000000000000
51536466559500.000000000000000000
52812723396468.750000000000000000
54088980233437.500000000000000000
55365237070406.250000000000000000
56641493907375.000000000000000000
57917750744343.750000000000000000
59194007581312.500000000000000000
60470264418281.250000000000000000
61746521255250.000000000000000000
63022778092218.750000000000000000
64299034929187.500000000000000000
65575291766156.250000000000000000
66851548603125.000000000000000000
68127805440093.750000000000000000
69404062277062.500000000000000000
70680319114031.250000000000000000
71956575951000.000000000000000000
73232832787968.750000000000000000
74509089624937.500000000000000000
75785346461906.250000000000000000
77061603298875.000000000000000000
78337860135843.750000000000000000
79614116972812.500000000000000000
80890373809781.250000000000000000
82166630646750.000000000000000000
83442887483718.750000000000000000
84719144320687.500000000000000000
85995401157656.250000000000000000
87271657994625.000000000000000000
88547914831593.750000000000000000
89824171668562.500000000000000000
91100428505531.250000000000000000
92376685342500.000000000000000000
93652942179468.750000000000000000
94929199016437.500000000000000000
96205455853406.250000000000000000
97481712690375.000000000000000000
98757969527343.750000000000000000
100034226364312.500000000000000000
101310483201281.250000000000000000
102586740038250.000000000000000000
103862996875218.750000000000000000
105139253712187.500000000000000000
106415510549156.250000000000000000
107691767386125.000000000000000000
108968024223093.750000000000000000
110244281060062.500000000000000000
111520537897031.250000000000000000
112796794734000.000000000000000000
114073051570968.750000000000000000
115349308407937.500000000000000000
116625565244906.250000000000000000
117901822081875.000000000000000000
119178078918843.750000000000000000
120454335755812.500000000000000000
121730592592781.250000000000000000
123006849429750.000000000000000000
124283106266718.750000000000000000
125559363103687.500000000000000000
126835619940656.250000000000000000
128111876777625.000000000000000000
129388133614593.750000000000000000
130664390451562.500000000000000000
131940647288531.250000000000000000
133216904125500.000000000000000000
134493160962468.750000000000000000
135769417799437.500000000000000000
137045674636406.250000000000000000
138321931473375.000000000000000000
139598188310343.750000000000000000
140874445147312.500000000000000000
142150701984281.250000000000000000
143426958821250.000000000000000000
144703215658218.750000000000000000
145979472495187.500000000000000000
147255729332156.250000000000000000
148531986169125.000000000000000000
149808243006093.750000000000000000
151084499843062.500000000000000000
152360756680031.250000000000000000
153637013517000.000000000000000000
154913270353968.750000000000000000
156189527190937.500000000000000000
157465784027906.250000000000000000
158742040864875.000000000000000000
160018297701843.750000000000000000
161294554538812.500000000000000000
162570811375781.250000000000000000
163847068212750.000000000000000000
165123325049718.750000000000000000
166399581886687.500000000000000000
167675838723656.250000000000000000
168952095560625.000000000000000000
170228352397593.750000000000000000
171504609234562.500000000000000000
172780866071531.250000000000000000
174057122908500.000000000000000000
175333379745468.750000000000000000
176609636582437.500000000000000000
177885893419406.250000000000000000
179162150256375.000000000000000000
180438407093343.750000000000000000
181714663930312.500000000000000000
182990920767281.250000000000000000
184267177604250.000000000000000000
185543434441218.750000000000000000
186819691278187.500000000000000000
188095948115156.250000000000000000
189372204952125.000000000000000000
190648461789093.750000000000000000
191924718626062.500000000000000000
193200975463031.250000000000000000
194477232300000.000000000000000000
195753489136968.750000000000000000
197029745973937.500000000000000000
198306002810906.250000000000000000
