0.089374036964149292
0.092784247549448570
0.096324580222001785
0.100000000000000019
0.103815661349914448
0.107776915415201166
0.111889317520828951
0.116158634964154253
0.120590855103069661
0.125192193752768799
0.129969103902903171
0.134928284767356355
0.140076691179326834
0.145421543344895404
0.150970336968755614
0.156730853766307965
0.162711172376859892
0.168919679693236346
0.175365082623690410
0.182056420302608046
0.189003076767132405
0.196214794117484964
0.203701686179439984
0.211474252688112846
0.219543394012953530
0.227920426444596119
0.236617098065002696
0.245645605223158148
0.255018609639421578
0.264749256162522095
0.274851191204101342
0.285338581876655617
0.296226135861717088
0.307529122036137637
0.319263391885401648
0.331445401733998779
0.344092235824031534
0.357221630274425495
0.370851997954340928
0.385002454305670094
0.399692844150833504
0.414943769523470507
0.430776618561055535
0.447213595499957983
0.464277751815012518
0.481993018547269558
0.500384239865263591
0.519477207906865468
0.539298698950582356
0.559876510967030949
0.581239502603249414
0.603417633654516505
0.626442007080440066
0.650344912624236549
0.675159872096374292
0.700921686386087206
0.727666484266689562
0.755431773063134693
0.784256491252877996
0.814181063073808997
0.845247455215838661
0.877499235675644584
0.910981634857114586
0.945741609003176054
0.981827906047968990
1.019291133981715447
1.058183831824160093
1.098560543306118076
1.140477893362459305
1.183994667543808887
1.229171894458325864
1.276072931359182983
1.324763552997775262
1.375312043867264356
1.427789293965825657
1.482268898213895625
1.538827259664845570
1.597543696653824341
1.658500554035038377
1.721783318663469897
1.787480739282985676
1.855684950988971016
1.926491604440035532
2.000000000000000000
2.076313226998288464
2.155538308304023154
2.237786350416578696
