-3.141592653600000062
-3.124139361080000121
-3.106686068560000180
-3.089232776040000239
-3.071779483519999854
-3.054326190999999913
-3.036872898479999971
-3.019419605960000030
-3.001966313440000089
-2.984513020920000148
-2.967059728400000207
-2.949606435880000266
-2.932153143359999881
-2.914699850839999939
-2.897246558319999998
-2.879793265800000057
-2.862339973280000116
-2.844886680760000175
-2.827433388240000234
-2.809980095720000293
-2.792526803199999907
-2.775073510679999966
-2.757620218160000025
-2.740166925640000084
-2.722713633120000143
-2.705260340600000202
-2.687807048079999817
-2.670353755559999875
-2.652900463039999934
-2.635447170519999993
-2.617993878000000052
-2.600540585480000111
-2.583087292960000170
-2.565634000440000229
-2.548180707920000287
-2.530727415399999902
-2.513274122879999961
-2.495820830360000020
-2.478367537840000079
-2.460914245320000138
-2.443460952800000197
-2.426007660279999811
-2.408554367759999870
-2.391101075239999929
-2.373647782719999988
-2.356194490200000047
-2.338741197680000106
-2.321287905160000165
-2.303834612640000223
-2.286381320120000282
-2.268928027599999897
-2.251474735079999956
-2.234021442560000015
-2.216568150040000074
-2.199114857520000132
-2.181661565000000191
-2.164208272479999806
-2.146754979959999865
-2.129301687439999924
-2.111848394919999983
-2.094395102400000042
-2.076941809880000100
-2.059488517360000159
-2.042035224840000218
-2.024581932320000277
-2.007128639800000336
-1.989675347279999951
-1.972222054760000010
-1.954768762240000068
-1.937315469720000127
-1.919862177199999964
-1.902408884680000023
-1.884955592160000082
-1.867502299640000141
-1.850049007119999978
-1.832595714600000036
-1.815142422080000095
-1.797689129560000154
-1.780235837039999991
-1.762782544520000050
-1.745329252000000109
-1.727875959479999946
-1.710422666960000004
-1.692969374440000063
-1.675516081920000122
-1.658062789399999959
-1.640609496880000018
-1.623156204360000077
-1.605702911840000136
-1.588249619319999972
-1.570796326800000031
-1.553343034280000090
-1.535889741760000149
-1.518436449239999986
-1.500983156720000045
-1.483529864200000103
-1.466076571679999940
-1.448623279159999999
-1.431169986640000058
-1.413716694120000117
-1.396263401599999954
-1.378810109080000013
-1.361356816560000071
-1.343903524040000130
-1.326450231519999967
-1.308996939000000026
-1.291543646480000085
-1.274090353960000144
-1.256637061439999981
-1.239183768920000039
-1.221730476400000098
-1.204277183880000157
-1.186823891359999994
-1.169370598840000053
-1.151917306320000112
-1.134464013800000171
-1.117010721280000229
-1.099557428759999844
-1.082104136239999903
-1.064650843719999962
-1.047197551200000021
-1.029744258680000080
-1.012290966160000139
-0.994837673640000197
-0.977384381120000256
-0.959931088599999871
-0.942477796079999930
-0.925024503559999989
-0.907571211040000048
-0.890117918520000106
-0.872664626000000165
-0.855211333480000224
-0.837758040959999839
-0.820304748439999898
-0.802851455919999957
-0.785398163400000016
-0.767944870880000074
-0.750491578360000133
-0.733038285840000192
-0.715584993320000251
-0.698131700799999866
-0.680678408279999925
-0.663225115759999984
-0.645771823240000042
-0.628318530720000101
-0.610865238200000160
-0.593411945680000219
-0.575958653159999834
-0.558505360639999893
-0.541052068119999952
-0.523598775600000010
-0.506145483080000069
-0.488692190560000128
-0.471238898040000187
-0.453785605520000246
-0.436332312999999861
-0.418879020479999920
-0.401425727959999978
-0.383972435440000037
-0.366519142920000096
-0.349065850400000155
-0.331612557880000214
-0.314159265359999829
-0.296705972839999887
-0.279252680319999946
-0.261799387800000005
-0.244346095280000064
-0.226892802760000123
-0.209439510240000182
-0.191986217720000241
-0.174532925199999855
-0.157079632679999914
-0.139626340159999973
-0.122173047640000032
-0.104719755120000091
-0.087266462600000150
-0.069813170080000209
-0.052359877559999823
-0.034906585039999882
-0.017453292519999941
0.000000000000000000
0.017453292519999941
0.034906585039999882
0.052359877559999823
0.069813170079999765
0.087266462600000150
0.104719755120000091
0.122173047640000032
0.139626340159999973
0.157079632679999914
0.174532925199999855
0.191986217719999797
0.209439510240000182
0.226892802760000123
0.244346095280000064
0.261799387800000005
0.279252680319999946
0.296705972839999887
0.314159265359999829
0.331612557879999770
0.349065850400000155
0.366519142920000096
0.383972435440000037
0.401425727959999978
0.418879020479999920
0.436332312999999861
0.453785605519999802
0.471238898039999743
0.488692190560000128
0.506145483080000069
0.523598775600000010
0.541052068119999952
0.558505360639999893
0.575958653159999834
0.593411945679999775
0.610865238200000160
0.628318530720000101
0.645771823240000042
0.663225115759999984
0.680678408279999925
0.698131700799999866
0.715584993319999807
0.733038285839999748
0.750491578360000133
0.767944870880000074
0.785398163400000016
0.802851455919999957
0.820304748439999898
0.837758040959999839
0.855211333479999780
0.872664625999999721
0.890117918519999662
0.907571211039999604
0.925024503559999545
0.942477796080000374
0.959931088600000315
0.977384381120000256
0.994837673640000197
1.012290966160000139
1.029744258680000080
1.047197551200000021
1.064650843719999962
1.082104136239999903
1.099557428759999844
1.117010721279999785
1.134464013799999726
1.151917306319999668
1.169370598839999609
1.186823891359999550
1.204277183880000379
1.221730476400000320
1.239183768920000261
1.256637061440000203
1.274090353960000144
1.291543646480000085
1.308996939000000026
1.326450231519999967
1.343903524039999908
1.361356816559999849
1.378810109079999791
1.396263401599999732
1.413716694119999673
1.431169986639999614
1.448623279159999555
1.466076571680000384
1.483529864200000326
1.500983156720000267
1.518436449240000208
1.535889741760000149
1.553343034280000090
1.570796326800000031
1.588249619319999972
1.605702911839999913
1.623156204359999855
1.640609496879999796
1.658062789399999737
1.675516081919999678
1.692969374439999619
1.710422666959999560
1.727875959480000390
1.745329252000000331
1.762782544520000272
1.780235837040000213
1.797689129560000154
1.815142422080000095
1.832595714600000036
1.850049007119999978
1.867502299639999919
1.884955592159999860
1.902408884679999801
1.919862177199999742
1.937315469719999683
1.954768762239999624
1.972222054759999565
1.989675347280000395
2.007128639800000336
2.024581932320000277
2.042035224840000218
2.059488517360000159
2.076941809880000100
2.094395102400000042
2.111848394919999983
2.129301687439999924
2.146754979959999865
2.164208272479999806
2.181661564999999747
2.199114857519999688
2.216568150039999630
2.234021442559999571
2.251474735080000400
2.268928027600000341
2.286381320120000282
2.303834612640000223
2.321287905160000165
2.338741197680000106
2.356194490200000047
2.373647782719999988
2.391101075239999929
2.408554367759999870
2.426007660279999811
2.443460952799999752
2.460914245319999694
2.478367537839999635
2.495820830359999576
2.513274122880000405
2.530727415400000346
2.548180707920000287
2.565634000440000229
2.583087292960000170
2.600540585480000111
2.617993878000000052
2.635447170519999993
2.652900463039999934
2.670353755559999875
2.687807048079999817
2.705260340599999758
2.722713633119999699
2.740166925639999640
2.757620218159999581
2.775073510680000410
2.792526803200000352
2.809980095720000293
2.827433388240000234
2.844886680760000175
2.862339973280000116
2.879793265800000057
2.897246558319999998
2.914699850839999939
2.932153143359999881
2.949606435879999822
2.967059728399999763
2.984513020919999704
3.001966313439999645
3.019419605959999586
3.036872898480000416
3.054326191000000357
3.071779483520000298
3.089232776040000239
3.106686068560000180
3.124139361080000121
3.141592653600000062
