0.200000000000000011
0.207421875000000006
0.214843750000000000
0.222265625000000022
0.229687500000000017
0.237109375000000011
0.244531250000000006
0.251953125000000000
0.259375000000000022
0.266796874999999989
0.274218750000000011
0.281640624999999978
0.289062500000000000
0.296484375000000022
0.303906249999999989
0.311328125000000011
0.318749999999999978
0.326171875000000000
0.333593750000000022
0.341015625000000044
0.348437500000000011
0.355859374999999978
0.363281250000000000
0.370703125000000022
0.378124999999999989
0.385546875000000011
0.392968749999999978
0.400390625000000000
0.407812500000000022
0.415234374999999989
0.422656250000000011
0.430078124999999978
0.437500000000000000
0.444921875000000022
0.452343749999999989
0.459765625000000011
0.467187499999999978
0.474609375000000000
0.482031250000000022
0.489453124999999989
0.496875000000000011
0.504296874999999978
0.511718750000000000
0.519140625000000022
0.526562500000000044
0.533984374999999956
0.541406249999999978
0.548828125000000000
0.556249999999999911
0.563671875000000044
0.571093749999999956
0.578515624999999978
0.585937500000000000
0.593359374999999911
0.600781250000000044
0.608203124999999956
0.615624999999999978
0.623046875000000000
0.630468749999999911
0.637890625000000044
0.645312499999999956
0.652734374999999978
0.660156250000000000
0.667578124999999911
0.675000000000000044
0.682421874999999956
0.689843749999999978
0.697265625000000000
0.704687499999999911
0.712109375000000044
0.719531249999999956
0.726953125000000089
0.734375000000000000
0.741796874999999911
0.749218750000000044
0.756640624999999956
0.764062500000000089
0.771484375000000000
0.778906249999999911
0.786328125000000044
0.793749999999999956
0.801171875000000089
0.808593750000000000
0.816015624999999911
0.823437500000000044
0.830859374999999956
0.838281250000000089
0.845703125000000000
0.853124999999999911
0.860546875000000044
0.867968749999999956
0.875390625000000089
0.882812500000000000
0.890234374999999911
0.897656250000000044
0.905078124999999956
0.912499999999999867
0.919921875000000000
0.927343749999999911
0.934765625000000044
0.942187499999999956
0.949609374999999867
0.957031250000000000
0.964453124999999911
0.971875000000000044
0.979296874999999956
0.986718749999999867
0.994140625000000000
1.001562499999999911
1.008984375000000044
1.016406249999999956
1.023828124999999867
1.031250000000000000
1.038671874999999911
1.046093750000000044
1.053515624999999956
1.060937499999999867
1.068359375000000000
1.075781249999999911
1.083203125000000044
1.090624999999999956
1.098046874999999867
1.105468750000000000
1.112890624999999911
1.120312500000000044
1.127734374999999956
1.135156249999999867
1.142578125000000000
1.149999999999999911
1.157421875000000044
1.164843749999999956
1.172265624999999867
1.179687500000000000
1.187109374999999911
1.194531250000000044
1.201953124999999956
1.209374999999999867
1.216796875000000000
1.224218749999999911
1.231640624999999822
1.239062499999999956
1.246484374999999867
1.253906250000000000
1.261328124999999911
1.268749999999999822
1.276171874999999956
1.283593749999999867
1.291015625000000000
1.298437499999999911
1.305859374999999822
1.313281249999999956
1.320703124999999867
1.328125000000000000
1.335546874999999911
1.342968749999999822
1.350390624999999956
1.357812499999999867
1.365234375000000000
1.372656249999999911
1.380078124999999822
1.387499999999999956
1.394921874999999867
1.402343750000000000
1.409765624999999911
1.417187499999999822
1.424609374999999956
1.432031249999999867
1.439453125000000000
1.446874999999999911
1.454296874999999822
1.461718749999999956
1.469140624999999867
1.476562500000000000
1.483984374999999911
1.491406249999999822
1.498828124999999956
1.506249999999999867
1.513671875000000000
1.521093749999999911
1.528515624999999822
1.535937499999999956
1.543359374999999867
1.550781250000000000
1.558203124999999911
1.565624999999999822
1.573046874999999956
1.580468749999999867
1.587890625000000000
1.595312499999999911
1.602734374999999822
1.610156249999999956
1.617578124999999867
1.624999999999999778
1.632421874999999911
1.639843749999999822
1.647265624999999956
1.654687499999999867
1.662109374999999778
1.669531249999999911
1.676953124999999822
1.684374999999999956
1.691796874999999867
1.699218749999999778
1.706640624999999911
1.714062499999999822
1.721484374999999956
1.728906249999999867
1.736328124999999778
1.743749999999999911
1.751171874999999822
1.758593749999999956
1.766015624999999867
1.773437499999999778
1.780859374999999911
1.788281249999999822
1.795703124999999956
1.803124999999999867
1.810546874999999778
1.817968749999999911
1.825390624999999822
1.832812499999999956
1.840234374999999867
1.847656249999999778
1.855078124999999911
1.862499999999999822
1.869921874999999956
1.877343749999999867
1.884765624999999778
1.892187499999999911
1.899609374999999822
1.907031249999999956
1.914453124999999867
1.921874999999999778
1.929296874999999911
1.936718749999999822
1.944140624999999956
1.951562499999999867
1.958984374999999778
1.966406249999999911
1.973828124999999822
1.981249999999999956
1.988671874999999867
1.996093749999999778
2.003515624999999911
2.010937499999999822
2.018359375000000178
2.025781250000000089
2.033203125000000000
2.040624999999999911
2.048046874999999822
2.055468750000000178
2.062890625000000089
2.070312500000000000
2.077734374999999911
2.085156249999999822
2.092578125000000178
2.100000000000000089
2.107421875000000000
2.114843749999999911
2.122265624999999822
2.129687500000000178
2.137109375000000089
2.144531250000000000
2.151953124999999911
2.159374999999999822
2.166796875000000178
2.174218750000000089
2.181640625000000000
2.189062499999999911
2.196484374999999822
2.203906250000000178
2.211328125000000089
2.218750000000000000
2.226171874999999911
2.233593750000000266
2.241015625000000178
2.248437500000000089
2.255859375000000000
2.263281249999999911
2.270703125000000266
2.278125000000000178
2.285546875000000089
2.292968750000000000
2.300390624999999911
2.307812500000000266
2.315234375000000178
2.322656250000000089
2.330078125000000000
2.337499999999999911
2.344921875000000266
2.352343750000000178
2.359765625000000089
2.367187500000000000
2.374609374999999911
2.382031250000000266
2.389453125000000178
2.396875000000000089
2.404296875000000000
2.411718749999999911
2.419140625000000266
2.426562500000000178
2.433984375000000089
2.441406250000000000
2.448828124999999911
2.456250000000000266
2.463671875000000178
2.471093750000000089
2.478515625000000000
2.485937499999999911
2.493359375000000266
2.500781250000000178
2.508203125000000089
2.515625000000000000
2.523046874999999911
2.530468750000000266
2.537890625000000178
2.545312500000000089
2.552734375000000000
2.560156249999999911
2.567578125000000266
2.575000000000000178
2.582421875000000089
2.589843750000000000
2.597265624999999911
2.604687500000000266
2.612109375000000178
2.619531250000000089
2.626953125000000000
2.634374999999999911
2.641796875000000266
2.649218750000000178
2.656640625000000089
2.664062500000000000
2.671484374999999911
2.678906250000000266
2.686328125000000178
2.693750000000000089
2.701171875000000000
2.708593749999999911
2.716015625000000266
2.723437500000000178
2.730859375000000089
2.738281250000000000
2.745703124999999911
2.753125000000000266
2.760546875000000178
2.767968750000000089
2.775390625000000000
2.782812499999999911
2.790234375000000266
2.797656250000000178
2.805078125000000089
2.812500000000000000
2.819921874999999911
2.827343750000000266
2.834765625000000178
2.842187500000000089
2.849609375000000000
2.857031249999999911
2.864453125000000266
2.871875000000000178
2.879296875000000089
2.886718750000000000
2.894140624999999911
2.901562500000000266
2.908984375000000178
2.916406250000000089
2.923828125000000000
2.931249999999999911
2.938671875000000266
2.946093750000000178
2.953515625000000089
2.960937500000000000
2.968359374999999911
2.975781250000000266
2.983203125000000178
2.990625000000000089
2.998046875000000000
3.005468749999999911
3.012890625000000266
3.020312500000000178
3.027734375000000089
3.035156250000000000
3.042578124999999911
3.049999999999999822
3.057421875000000178
3.064843750000000089
3.072265625000000000
3.079687499999999911
3.087109374999999822
3.094531250000000178
3.101953125000000089
3.109375000000000000
3.116796874999999911
3.124218749999999822
3.131640625000000178
3.139062500000000089
3.146484375000000000
3.153906249999999911
3.161328124999999822
3.168750000000000178
3.176171875000000089
3.183593750000000000
3.191015624999999911
3.198437499999999822
3.205859375000000178
3.213281250000000089
3.220703125000000000
3.228124999999999911
3.235546874999999822
3.242968750000000178
3.250390625000000089
3.257812500000000000
3.265234374999999911
3.272656249999999822
3.280078125000000178
3.287500000000000089
3.294921875000000000
3.302343749999999911
3.309765624999999822
3.317187500000000178
3.324609375000000089
3.332031250000000000
3.339453124999999911
3.346874999999999822
3.354296875000000178
3.361718750000000089
3.369140625000000000
3.376562499999999911
3.383984374999999822
3.391406250000000178
3.398828125000000089
3.406250000000000000
3.413671874999999911
3.421093749999999822
3.428515625000000178
3.435937500000000089
3.443359375000000000
3.450781249999999911
3.458203124999999822
3.465625000000000178
3.473046875000000089
3.480468750000000000
3.487890624999999911
3.495312499999999822
3.502734375000000178
3.510156250000000089
3.517578125000000000
3.524999999999999911
3.532421874999999822
3.539843750000000178
3.547265625000000089
3.554687500000000000
3.562109374999999911
3.569531249999999822
3.576953125000000178
3.584375000000000089
3.591796875000000000
3.599218749999999911
3.606640624999999822
3.614062500000000178
3.621484375000000089
3.628906250000000000
3.636328124999999911
3.643749999999999822
3.651171875000000178
3.658593750000000089
3.666015625000000000
3.673437499999999911
3.680859374999999822
3.688281250000000178
3.695703125000000089
3.703125000000000000
3.710546874999999911
3.717968749999999822
3.725390625000000178
3.732812500000000089
3.740234375000000000
3.747656249999999911
3.755078124999999822
3.762500000000000178
3.769921875000000089
3.777343750000000000
3.784765624999999911
3.792187499999999822
3.799609375000000178
3.807031250000000089
3.814453125000000000
3.821874999999999911
3.829296874999999822
3.836718750000000178
3.844140625000000089
3.851562500000000000
3.858984374999999911
3.866406249999999822
3.873828125000000178
3.881250000000000089
3.888671875000000000
3.896093749999999911
3.903515624999999822
3.910937500000000178
3.918359375000000089
3.925781250000000000
3.933203124999999911
3.940624999999999822
3.948046875000000178
3.955468750000000089
3.962890625000000000
3.970312499999999911
3.977734374999999822
3.985156250000000178
3.992578125000000089
4.000000000000000000
