-3.141592653589793116
-3.071779483510019837
-3.001966313430246558
-2.932153143350473723
-2.862339973270700444
-2.792526803190927165
-2.722713633111153886
-2.652900463031381051
-2.583087292951607772
-2.513274122871834493
-2.443460952792061214
-2.373647782712287935
-2.303834612632514656
-2.234021442552741821
-2.164208272472968542
-2.094395102393195707
-2.024581932313422428
-1.954768762233648927
-1.884955592153875870
-1.815142422074102591
-1.745329251994329534
-1.675516081914556255
-1.605702911834783198
-1.535889741755009918
-1.466076571675236639
-1.396263401595463582
-1.326450231515690303
-1.256637061435917246
-1.186823891356143967
-1.117010721276370688
-1.047197551196597853
-0.977384381116824574
-0.907571211037051295
-0.837758040957278016
-0.767944870877504737
-0.698131700797731902
-0.628318530717958623
-0.558505360638185344
-0.488692190558412065
-0.418879020478639230
-0.349065850398865951
-0.279252680319092672
-0.209439510239319393
-0.139626340159546114
-0.069813170079773279
0.000000000000000000
0.069813170079773279
0.139626340159546558
0.209439510239319837
0.279252680319092672
0.349065850398865951
0.418879020478639230
0.488692190558412509
0.558505360638185344
0.628318530717958623
0.698131700797731902
0.767944870877505181
0.837758040957278460
0.907571211037051739
0.977384381116825018
1.047197551196597409
1.117010721276370688
1.186823891356143967
1.256637061435917246
1.326450231515690525
1.396263401595463804
1.466076571675237084
1.535889741755010363
1.605702911834783642
1.675516081914556032
1.745329251994329312
1.815142422074102591
1.884955592153875870
1.954768762233649149
2.024581932313422428
2.094395102393195707
2.164208272472968986
2.234021442552742265
2.303834612632514656
2.373647782712287935
2.443460952792061214
2.513274122871834493
2.583087292951607772
2.652900463031381051
2.722713633111154330
2.792526803190927609
2.862339973270700888
2.932153143350473279
3.001966313430246558
3.071779483510019837
3.141592653589793116
