1.398296326794896682
1.405796326794896745
1.413296326794896585
1.420796326794896647
1.428296326794896709
1.435796326794896549
1.443296326794896611
1.450796326794896673
1.458296326794896736
1.465796326794896576
1.473296326794896638
1.480796326794896700
1.488296326794896540
1.495796326794896602
1.503296326794896665
1.510796326794896505
1.518296326794896567
1.525796326794896629
1.533296326794896469
1.540796326794896531
1.548296326794896594
1.555796326794896656
1.563296326794896496
1.570796326794896558
1.578296326794896620
1.585796326794896460
1.593296326794896522
