0.628318530718	0.012180013848
0.942477796077	0.0121800889924
1.25663706144	0.0121802482104
1.57079632679	0.0121804998282
1.88495559215	0.012180841868
2.19911485751	0.0121812703992
2.51327412287	0.0121817830828
2.82743338823	0.0121823798657
3.14159265359	0.0121830602118
3.45575191895	0.0121838212173
3.76991118431	0.0121846581181
4.08407044967	0.0121855659287
4.39822971503	0.0121865403484
4.71238898039	0.0121875778964
5.02654824574	0.0121886750049
5.3407075111	0.0121898272551
5.65486677646	0.0121910290098
5.96902604182	0.0121922733276
6.28318530718	0.0121935520051
6.59734457254	0.0121948567931
6.9115038379	0.0121961829245
7.22566310326	0.0121975296782
7.53982236862	0.0121988884148
7.85398163398	0.012200232036
8.16814089933	0.0122015406498
8.48230016469	0.0122028286813
8.79645943005	0.0122041226331
9.11061869541	0.0122054337311
9.42477796077	0.0122067503637
9.73893722613	0.0122080386936
10.0530964915	0.0122092656994
10.3672557568	0.0122104252165
10.6814150222	0.0122115381087
10.9955742876	0.0122126306043
11.3097335529	0.0122137096621
11.6238928183	0.0122147583221
11.9380520836	0.0122157517925
12.252211349	0.0122166744302
12.5663706144	0.0122175260348
12.8805298797	0.0122183154437
13.1946891451	0.0122190487152
13.5088484104	0.012219722193
13.8230076758	0.0122203246801
14.1371669412	0.0122208452369
14.4513262065	0.0122212786321
14.7654854719	0.0122216239393
15.0796447372	0.0122218809636
15.3938040026	0.0122220406128
15.707963268	0.0122220921473
16.0221225333	0.0122220413883
16.3362817987	0.0122218996583
16.650441064	0.0122216686441
16.9646003294	0.0122213489568
17.2787595947	0.0122209475451
17.5929188601	0.0122204746681
17.9070781255	0.012219942045
18.2212373908	0.0122193619929
18.5353966562	0.0122187431835
18.8495559215	0.012218091756
19.1637151869	0.0122174171884
19.4778744523	0.0122167333082
19.7920337176	0.0122160548889
20.106192983	0.0122153932224
20.4203522483	0.0122147550123
20.7345115137	0.0122141446083
21.0486707791	0.0122135652163
21.3628300444	0.0122130209638
21.6769893098	0.0122125194727
21.9911485751	0.0122120702711
22.3053078405	0.0122116811575
22.6194671058	0.0122113564483
22.9336263712	0.0122110981402
23.2477856366	0.0122109082502
23.5619449019	0.0122107902222
23.8761041673	0.0122107481231
24.1902634326	0.0122107858421
24.504422698	0.0122109070509
24.8185819634	0.01221111424
25.1327412287	0.0122114077381
25.4469004941	0.0122117852888
25.7610597594	0.0122122420476
26.0752190248	0.0122127703267
26.3893782902	0.0122133588618
26.7035375555	0.0122139947921
27.0176968209	0.0122146661423
27.3318560862	0.0122153613364
27.6460153516	0.0122160677079
27.960174617	0.012216771355
28.2743338823	0.0122174590726
28.5884931477	0.0122181208134
28.902652413	0.0122187504824
29.2168116784	0.0122193436614
29.5309709437	0.0122198956991
29.8451302091	0.0122204043433
30.1592894745	0.0122208734242
30.4734487398	0.0122213111927
30.7876080052	0.0122217237671
31.1017672705	0.0122221114263
31.4159265359	0.0122224720053
31.7300858013	0.0122228057451
32.0442450666	0.0122231148289
32.358404332	0.0122233973699
32.6725635973	0.0122236402032
32.9867228627	0.0122238174012
33.3008821281	0.0122238972079
33.6150413934	0.0122238506053
33.9292006588	0.0122236535402
34.2433599241	0.0122232823027
34.5575191895	0.0122227112374
34.8716784548	0.0122219189307
35.1858377202	0.0122208959017
35.4999969856	0.0122196478561
35.8141562509	0.0122181951578
36.1283155163	0.0122165704001
36.4424747816	0.0122148154401
36.756634047	0.0122129789307
37.0707933124	0.0122111144869
37.3849525777	0.0122092788646
37.6991118431	0.0122075307026
38.0132711084	0.0122059302536
38.3274303738	0.0122045373147
38.6415896392	0.0122034030672
38.9557489045	0.0122025622286
39.2699081699	0.0122020349706
39.5840674352	0.012201833776
39.8982267006	0.0122019652076
40.212385966	0.0122024240763
40.5265452313	0.012203188207
40.8407044967	0.0122042196627
41.154863762	0.0122054706052
41.4690230274	0.0122068892707
41.7831822927	0.0122084228492
42.0973415581	0.0122100195988
42.4115008235	0.0122116290051
42.7256600888	0.0122132010544
43.0398193542	0.0122146880197
43.3539786195	0.0122160480427
43.6681378849	0.0122172471106
43.9822971503	0.0122182587968
44.2964564156	0.0122190639709
44.610615681	0.0122196530361
44.9247749463	0.0122200253834
45.2389342117	0.0122201872628
45.5530934771	0.0122201533189
45.8672527424	0.012219947625
46.1814120078	0.0122196007036
46.4955712731	0.0122191447806
46.8097305385	0.0122186100378
47.1238898039	0.0122180223905
47.4380490692	0.0122174047677
47.7522083346	0.0122167806658
48.0663675999	0.0122161731345
48.3805268653	0.0122155993543
48.6946861306	0.0122150690618
49.008845396	0.0122145877563
49.3230046614	0.0122141573978
49.6371639267	0.0122137751168
49.9513231921	0.0122134344594
50.2654824574	0.01221312813
50.5796417228	0.0122128483263
50.8938009882	0.0122125857059
51.2079602535	0.0122123308899
51.5221195189	0.012212076701
51.8362787842	0.0122118186412
52.1504380496	0.0122115549029
52.464597315	0.0122112861025
52.7787565803	0.0122110146284
53.0929158457	0.0122107441054
53.407075111	0.0122104799221
53.7212343764	0.0122102297753
54.0353936417	0.0122100020049
54.3495529071	0.0122098026388
54.6637121725	0.0122096344159
54.9778714378	0.0122094980334
55.2920307032	0.0122093942111
55.6061899685	0.0122093248053
55.9203492339	0.0122092913689
56.2345084993	0.0122092920662
56.5486677646	0.0122093209812
56.86282703	0.012209370915
57.1769862953	0.0122094367291
57.4911455607	0.0122095154909
57.8053048261	0.0122096049125
58.1194640914	0.0122097034319
58.4336233568	0.0122098109287
58.7477826221	0.0122099283739
59.0619418875	0.0122100569554
59.3761011529	0.0122101975321
59.6902604182	0.0122103507808
60.0044196836	0.0122105175948
60.3185789489	0.0122106989995
60.6327382143	0.0122108951863
60.9468974796	0.0122111041825
61.261056745	0.0122113212395
61.5752160104	0.0122115395898
61.8893752757	0.0122117524016
62.2035345411	0.0122119544548
62.5176938064	0.0122121424152
62.8318530718	0.0122123139097
63.1460123372	0.0122124663984
63.4601716025	0.0122125967899
63.7743308679	0.0122127020155
64.0884901332	0.0122127808926
64.4026493986	0.0122128352219
64.716808664	0.0122128682152
65.0309679293	0.0122128813893
65.3451271947	0.0122128738553
65.65928646	0.0122128446401
65.9734457254	0.0122127933737
66.2876049907	0.0122127192769
66.6017642561	0.0122126214095
66.9159235215	0.0122124994506
67.2300827868	0.0122123537877
67.5442420522	0.0122121847903
67.8584013175	0.0122119922
68.1725605829	0.0122117744716
68.4867198483	0.0122115285907
68.8008791136	0.0122112518363
69.115038379	0.0122109443964
69.4291976443	0.0122106097825
69.7433569097	0.0122102522019
70.0575161751	0.01220987518
70.3716754404	0.0122094833661
70.6858347058	0.0122090843795
70.9999939711	0.0122086887422
71.3141532365	0.0122083084786
71.6283125019	0.0122079548589
71.9424717672	0.0122076360852
72.2566310326	0.0122073577206
72.5707902979	0.0122071245911
72.8849495633	0.0122069411297
73.1991088286	0.0122068102871
73.513268094	0.0122067323066
73.8274273594	0.012206705013
74.1415866247	0.0122067242901
74.4557458901	0.0122067843982
74.7699051554	0.0122068785203
75.0840644208	0.0122069993034
75.3982236862	0.0122071400188
75.7123829515	0.0122072956668
76.0265422169	0.0122074630822
76.3407014822	0.0122076399461
76.6548607476	0.0122078224528
76.969020013	0.0122080038993
77.2831792783	0.0122081782712
77.5973385437	0.0122083454421
77.911497809	0.0122085093873
78.2256570744	0.0122086719002
78.5398163398	0.012208830709
78.8539756051	0.012208982878
79.1681348705	0.0122091285286
79.4822941358	0.0122092706858
79.7964534012	0.0122094113261
80.1106126665	0.0122095476242
80.4247719319	0.0122096722244
80.7389311973	0.0122097769893
81.0530904626	0.0122098560623
81.367249728	0.0122099061296
81.6814089933	0.0122099253803
81.9955682587	0.0122099112878
82.3097275241	0.0122098586313
82.6238867894	0.0122097615521
82.9380460548	0.0122096184768
83.2522053201	0.0122094347094
83.5663645855	0.012209220695
83.8805238509	0.0122089867754
84.1946831162	0.0122087391699
84.5088423816	0.0122084805532
84.8230016469	0.0122082129492
85.1371609123	0.01220793984
85.4513201776	0.0122076665747
85.765479443	0.0122073998862
86.0796387084	0.012207145509
86.3937979737	0.0122069055364
86.7079572391	0.0122066786325
87.0221165044	0.0122064631616
87.3362757698	0.012206259398
87.6504350352	0.0122060696319
87.9645943005	0.0122058959456
88.2787535659	0.0122057381872
88.5929128312	0.0122055951588
88.9070720966	0.0122054671931
89.221231362	0.0122053555762
89.5353906273	0.0122052600888
89.8495498927	0.0122051791544
90.163709158	0.012205110905
90.4778684234	0.0122050536509
90.7920276888	0.0122050062288
91.1061869541	0.0122049686687
91.4203462195	0.0122049415267
91.7345054848	0.012204923671
92.0486647502	0.0122049110613
92.3628240155	0.0122048980347
92.6769832809	0.0122048802007
92.9911425463	0.0122048563828
93.3053018116	0.0122048289038
93.619461077	0.0122048021662
93.9336203423	0.0122047807042
94.2477796077	0.0122047692547
94.5619388731	0.0122047729544
94.8760981384	0.0122047958642
95.1902574038	0.0122048405921
95.5044166691	0.0122049082636
95.8185759345	0.012204998765
96.1327351999	0.0122051106943
96.4468944652	0.0122052410988
96.7610537306	0.0122053852722
97.0752129959	0.0122055354572
97.3893722613	0.0122056810939
97.7035315266	0.0122058112153
98.017690792	0.0122059176712
98.3318500574	0.0122059966873
98.6460093227	0.0122060460823
98.9601685881	0.0122060620872
99.2743278534	0.012206039079
99.5884871188	0.0122059740215
99.9026463842	0.0122058713196
100.21680565	0.0122057407416
100.530964915	0.0122055913455
100.84512418	0.0122054280301
101.159283446	0.0122052536275
101.473442711	0.0122050722603
101.787601976	0.0122048900393
102.101761242	0.0122047133782
102.415920507	0.0122045462403
102.730079772	0.0122043886002
103.044239038	0.0122042353347
103.358398303	0.0122040759196
103.672557568	0.012203897689
103.986716834	0.0122036930086
104.300876099	0.012203462387
104.615035365	0.0122032087769
104.92919463	0.0122029326817
105.243353895	0.0122026341083
105.557513161	0.0122023180112
105.871672426	0.012201997273
106.185831691	0.0122016892181
106.499990957	0.0122014085156
106.814150222	0.0122011634699
107.128309487	0.0122009593927
107.442468753	0.0122008023025
107.756628018	0.0122006994155
108.070787283	0.0122006558405
108.384946549	0.0122006711429
108.699105814	0.0122007390061
109.01326508	0.0122008483942
109.327424345	0.0122009861405
109.64158361	0.0122011410077
109.955742876	0.0122013065215
110.269902141	0.012201480062
110.584061406	0.0122016584382
110.898220672	0.0122018347489
111.212379937	0.0122019996393
111.526539202	0.0122021457352
111.840698468	0.0122022702774
112.154857733	0.0122023745741
112.469016999	0.0122024627305
112.783176264	0.0122025392533
113.097335529	0.0122026054512
113.411494795	0.012202656281
113.72565406	0.0122026802377
114.039813325	0.0122026655418
114.353972591	0.0122026069739
114.668131856	0.0122025052609
114.982291121	0.0122023641474
115.296450387	0.0122021882272
115.610609652	0.0122019805855
115.924768917	0.0122017445121
116.238928183	0.0122014878548
116.553087448	0.0122012222799
116.867246714	0.012200959049
117.181405979	0.0122007081614
117.495565244	0.0122004794727
117.80972451	0.012200280391
118.123883775	0.0122001142273
118.43804304	0.0121999819487
118.752202306	0.0121998829213
119.066361571	0.012199812374
119.380520836	0.0121997609658
119.694680102	0.0121997182019
120.008839367	0.012199673821
120.322998632	0.012199620244
120.637157898	0.0121995563402
120.951317163	0.0121994862626
121.265476429	0.0121994146207
121.579635694	0.0121993427052
121.893794959	0.0121992673573
122.207954225	0.0121991826266
122.52211349	0.0121990866382
122.836272755	0.0121989869244
123.150432021	0.0121988988055
123.464591286	0.0121988355425
123.778750551	0.0121987983981
124.092909817	0.012198777163
124.407069082	0.0121987574541
124.721228348	0.0121987255862
125.035387613	0.0121986702586
125.349546878	0.0121985868646
125.663706144	0.0121984773299
125.977865409	0.0121983424562
126.292024674	0.0121981806677
126.60618394	0.012197992973
126.920343205	0.0121977854016
127.23450247	0.0121975679939
127.548661736	0.0121973527715
127.862821001	0.01219715238
128.176980266	0.0121969812252
128.491139532	0.012196854908
128.805298797	0.0121967860441
129.119458063	0.0121967806948
129.433617328	0.0121968358327
129.747776593	0.0121969384826
130.061935859	0.0121970702011
130.376095124	0.0121972175927
130.690254389	0.0121973753681
131.004413655	0.0121975369718
131.31857292	0.0121976891043
131.632732185	0.0121978161935
131.946891451	0.0121979087086
132.261050716	0.012197966553
132.575209981	0.0121979932522
132.889369247	0.0121979889821
133.203528512	0.0121979522331
133.517687778	0.0121978868045
133.831847043	0.0121978020142
134.146006308	0.012197705356
134.460165574	0.0121975957183
134.774324839	0.0121974636679
135.088484104	0.0121972975957
135.40264337	0.0121970892408
135.716802635	0.0121968357448
136.0309619	0.0121965391447
136.345121166	0.0121962044509
136.659280431	0.0121958375262
136.973439697	0.0121954472507
137.287598962	0.0121950490941
137.601758227	0.012194663565
137.915917493	0.0121943103355
138.230076758	0.0121940051118
138.544236023	0.0121937600215
138.858395289	0.0121935847207
139.172554554	0.0121934857707
139.486713819	0.0121934652966
139.800873085	0.0121935210799
140.11503235	0.0121936448971
140.429191615	0.0121938189406
140.743350881	0.0121940160206
141.057510146	0.0121942074138
141.371669412	0.012194372586
141.685828677	0.012194502166
141.999987942	0.0121945933591
142.314147208	0.0121946434724
142.628306473	0.012194649031
142.942465738	0.0121946107089
143.256625004	0.0121945364916
143.570784269	0.0121944401734
143.884943534	0.0121943373462
144.1991028	0.0121942411727
144.513262065	0.0121941570677
144.82742133	0.0121940809783
145.141580596	0.0121940057518
145.455739861	0.0121939269362
145.769899127	0.0121938379987
146.084058392	0.0121937245234
146.398217657	0.0121935686788
146.712376923	0.012193360345
147.026536188	0.0121931034488
147.340695453	0.0121928122782
147.654854719	0.0121925015504
147.969013984	0.0121921800335
148.283173249	0.012191854093
148.597332515	0.0121915361144
148.91149178	0.0121912490061
149.225651046	0.0121910222205
149.539810311	0.0121908836389
149.853969576	0.0121908518958
150.168128842	0.0121909306749
150.482288107	0.0121911075423
150.796447372	0.0121913595573
151.110606638	0.0121916624718
151.424765903	0.0121919943854
151.738925168	0.0121923313834
152.053084434	0.0121926471736
152.367243699	0.0121929176361
152.681402964	0.0121931226294
152.99556223	0.0121932459388
153.309721495	0.012193275772
153.623880761	0.0121932059378
153.938040026	0.0121930393092
154.252199291	0.0121927909519
154.566358557	0.0121924834943
154.880517822	0.0121921356064
155.194677087	0.0121917574892
155.508836353	0.0121913571568
155.822995618	0.0121909453418
156.137154883	0.0121905346805
156.451314149	0.0121901353489
156.765473414	0.0121897502856
157.07963268	0.0121893762048
157.393791945	0.0121890132421
157.70795121	0.0121886712818
158.022110476	0.0121883637516
158.336269741	0.0121880995072
158.650429006	0.0121878808201
158.964588272	0.0121877062228
159.278747537	0.0121875735902
159.592906802	0.0121874846457
159.907066068	0.0121874470639
160.221225333	0.0121874706811
160.535384598	0.0121875630868
160.849543864	0.0121877254639
161.163703129	0.0121879486173
161.477862395	0.0121882141893
161.79202166	0.0121885021577
162.106180925	0.0121887984816
162.420340191	0.0121890958763
162.734499456	0.0121893869082
163.048658721	0.0121896573874
163.362817987	0.012189888089
163.676977252	0.0121900606823
163.991136517	0.0121901627969
164.305295783	0.0121901926279
164.619455048	0.0121901565949
164.933614313	0.0121900590296
165.247773579	0.012189895431
165.561932844	0.0121896559145
165.87609211	0.0121893346795
166.190251375	0.0121889353125
166.50441064	0.0121884677386
166.818569906	0.0121879443079
167.132729171	0.0121873794624
167.446888436	0.0121867896375
167.761047702	0.0121861940431
168.075206967	0.0121856171528
168.389366232	0.0121850877065
168.703525498	0.012184632784
169.017684763	0.0121842743475
169.331844029	0.0121840302958
169.646003294	0.012183917203
169.960162559	0.0121839478942
170.274321825	0.0121841265695
170.58848109	0.0121844443117
170.902640355	0.0121848803191
171.216799621	0.0121854065795
171.530958886	0.0121859902005
171.845118151	0.0121865942955
172.159277417	0.0121871793078
172.473436682	0.0121877050342
172.787595947	0.012188134582
173.101755213	0.0121884382888
173.415914478	0.0121885963287
173.730073744	0.0121885999977
174.044233009	0.0121884504127
174.358392274	0.0121881557255
174.67255154	0.0121877307508
174.986710805	0.012187199557
175.30087007	0.012186594968
175.615029336	0.0121859523745
175.929188601	0.0121853022203
176.243347866	0.0121846666561
176.557507132	0.0121840614591
176.871666397	0.0121835007317
177.185825662	0.012182997989
177.499984928	0.0121825622686
177.814144193	0.0121821969075
178.128303459	0.012181902745
178.442462724	0.0121816808078
178.756621989	0.0121815301639
179.070781255	0.0121814459981
179.38494052	0.0121814218442
179.699099785	0.0121814525657
180.013259051	0.0121815373407
180.327418316	0.012181677466
180.641577581	0.0121818727917
180.955736847	0.0121821205632
181.269896112	0.0121824147817
181.584055378	0.0121827453935
181.898214643	0.01218309893
182.212373908	0.0121834613532
182.526533174	0.0121838208645
182.840692439	0.0121841674419
183.154851704	0.0121844895199
183.46901097	0.0121847717608
183.783170235	0.0121849953075
184.0973295	0.0121851416921
184.411488766	0.0121851977786
184.725648031	0.0121851567545
185.039807296	0.0121850160682
185.353966562	0.012184775475
185.668125827	0.0121844367611
185.982285093	0.012184002513
186.296444358	0.0121834756081
186.610603623	0.0121828625215
186.924762889	0.0121821775264
187.238922154	0.0121814422002
187.553081419	0.0121806806313
187.867240685	0.012179917965
188.18139995	0.0121791816721
188.495559215	0.0121785015821
188.809718481	0.0121779070664
189.123877746	0.0121774249404
189.438037011	0.0121770786579
189.752196277	0.0121768867814
190.066355542	0.01217685918
190.380514808	0.0121769969717
190.694674073	0.0121772959188
191.008833338	0.012177747177
191.322992604	0.0121783347265
191.637151869	0.0121790317811
191.951311134	0.0121798009588
192.2654704	0.0121805983355
192.579629665	0.0121813800194
192.89378893	0.0121821046412
193.207948196	0.0121827314583
193.522107461	0.0121832212122
193.836266727	0.0121835407555
194.150425992	0.0121836689356
194.464585257	0.0121835993096
194.778744523	0.0121833359186
195.092903788	0.0121828881976
195.407063053	0.0121822714777
195.721222319	0.0121815109106
196.035381584	0.0121806430307
196.349540849	0.0121797127939
196.663700115	0.0121787654784
196.97785938	0.0121778378623
197.292018645	0.0121769591935
197.606177911	0.0121761560701
197.920337176	0.012175456013
198.234496442	0.0121748827178
198.548655707	0.0121744514029
198.862814972	0.0121741692365
199.176974238	0.0121740380912
199.491133503	0.0121740552251
199.805292768	0.0121742109439
200.119452034	0.0121744875157
200.433611299	0.0121748621357
200.747770564	0.0121753107032
201.06192983	0.0121758105793
201.376089095	0.0121763420323
201.69024836	0.0121768875838
202.004407626	0.0121774296676
202.318566891	0.0121779483926
202.632726157	0.0121784232011
202.946885422	0.0121788367876
203.261044687	0.0121791767356
203.575203953	0.0121794345254
203.889363218	0.0121796046465
204.203522483	0.0121796836714
204.517681749	0.0121796689873
204.831841014	0.0121795593015
205.146000279	0.012179355081
205.460159545	0.0121790567162
205.77431881	0.0121786633446
206.088478076	0.0121781750038
206.402637341	0.0121775951992
206.716796606	0.0121769313888
207.030955872	0.0121761949755
207.345115137	0.0121754024231
207.659274402	0.0121745747863
207.973433668	0.0121737353939
208.287592933	0.0121729070827
208.601752198	0.0121721119097
208.915911464	0.0121713755152
209.230070729	0.0121707318764
209.544229994	0.0121702203939
209.85838926	0.0121698749534
210.172548525	0.0121697144996
210.486707791	0.0121697430004
210.800867056	0.0121699560292
211.115026321	0.0121703483925
211.429185587	0.0121709163274
211.743344852	0.0121716498812
212.057504117	0.0121725229197
212.371663383	0.0121734907605
212.685822648	0.0121744965036
212.999981913	0.0121754813876
213.314141179	0.0121763933704
213.628300444	0.012177188145
213.942459709	0.0121778243725
214.256618975	0.0121782612233
214.57077824	0.0121784635924
214.884937506	0.0121784111324
215.199096771	0.0121781018833
215.513256036	0.0121775478726
215.827415302	0.0121767694885
216.141574567	0.0121757953897
216.455733832	0.0121746659496
216.769893098	0.012173433827
217.084052363	0.0121721593866
217.398211628	0.0121709032513
217.712370894	0.0121697199442
218.026530159	0.0121686555984
218.340689425	0.0121677488349
218.65484869	0.0121670319
218.969007955	0.0121665280489
219.283167221	0.0121662466417
219.597326486	0.0121661839494
219.911485751	0.0121663279439
220.225645017	0.0121666615533
220.539804282	0.0121671610555
220.853963547	0.0121677922973
221.168122813	0.0121685132747
221.482282078	0.0121692837347
221.796441343	0.0121700738851
222.110600609	0.0121708629759
222.424759874	0.0121716284829
222.73891914	0.0121723388267
223.053078405	0.0121729581946
223.36723767	0.0121734571938
223.681396936	0.012173820536
223.995556201	0.0121740473914
224.309715466	0.0121741433579
224.623874732	0.0121741106275
224.938033997	0.0121739439881
225.252193262	0.0121736349878
225.566352528	0.0121731814926
225.880511793	0.0121725941724
226.194671058	0.0121718925105
226.508830324	0.0121710958465
226.822989589	0.0121702205275
227.137148855	0.0121692848203
227.45130812	0.0121683139691
227.765467385	0.012167338984
228.079626651	0.0121663906247
228.393785916	0.0121654951327
228.707945181	0.012164675298
229.022104447	0.0121639546951
229.336263712	0.0121633606389
229.650422977	0.0121629226741
229.964582243	0.0121626671693
230.278741508	0.0121626112891
230.592900774	0.0121627592466
230.907060039	0.0121631025997
231.221219304	0.0121636259074
231.53537857	0.0121643117239
231.849537835	0.0121651388234
232.1636971	0.0121660769914
232.477856366	0.0121670854088
232.792015631	0.0121681152427
233.106174896	0.0121691138057
233.420334162	0.0121700281062
233.734493427	0.0121708090181
234.048652692	0.0121714151263
234.362811958	0.0121718143314
234.676971223	0.0121719831594
234.991130489	0.0121719062345
235.305289754	0.0121715778587
235.619449019	0.0121710047414
235.933608285	0.0121702070773
236.24776755	0.0121692173752
236.561926815	0.0121680777706
236.876086081	0.0121668369306
237.190245346	0.0121655471941
237.504404611	0.0121642618173
237.818563877	0.0121630331237
238.132723142	0.0121619109726
238.446882407	0.0121609392709
238.761041673	0.0121601517397
239.075200938	0.0121595696924
239.389360204	0.012159204694
239.703519469	0.0121590601057
240.017678734	0.012159130493
240.331838	0.0121593994726
240.645997265	0.0121598413264
240.96015653	0.0121604245553
241.274315796	0.012161114873
241.588475061	0.0121618776125
241.902634326	0.0121626803224
242.216793592	0.0121634949849
242.530952857	0.0121642967773
242.845112123	0.0121650601284
243.159271388	0.0121657557327
243.473430653	0.0121663526145
243.787589919	0.0121668254861
244.101749184	0.0121671595981
244.415908449	0.0121673483175
244.730067715	0.012167387231
245.04422698	0.0121672701289
245.358386245	0.0121669886148
245.672545511	0.0121665381561
245.986704776	0.0121659255832
246.300864041	0.01216516862
246.615023307	0.0121642900294
246.929182572	0.0121633150065
247.243341838	0.0121622728667
247.557501103	0.0121611986056
247.871660368	0.0121601314384
248.185819634	0.0121591109034
248.499978899	0.0121581729162
248.814138164	0.0121573480986
249.12829743	0.0121566634798
249.442456695	0.0121561427153
249.75661596	0.0121558041426
250.070775226	0.0121556592145
250.384934491	0.0121557125077
250.699093756	0.0121559622535
251.013253022	0.0121563986156
251.327412287	0.0121569999226
251.641571553	0.0121577343365
251.955730818	0.012158565374
252.269890083	0.0121594577456
252.584049349	0.0121603771868
252.898208614	0.0121612821234
253.212367879	0.0121621239881
253.526527145	0.0121628573317
253.84068641	0.0121634473944
254.154845675	0.0121638701044
254.469004941	0.0121641088704
254.783164206	0.0121641525971
255.097323472	0.012163995822
255.411482737	0.0121636394656
255.725642002	0.012163091677
256.039801268	0.01216236894
256.353960533	0.0121614956787
256.668119798	0.0121605045709
256.982279064	0.0121594362136
257.296438329	0.012158332309
257.610597594	0.0121572254112
257.92475686	0.0121561448225
258.238916125	0.0121551255668
258.55307539	0.0121542073521
258.867234656	0.0121534276655
259.181393921	0.0121528162798
259.495553187	0.0121523911494
259.809712452	0.0121521558735
260.123871717	0.0121521025154
260.438030983	0.012152219063
260.752190248	0.0121524984212
261.066349513	0.0121529349161
261.380508779	0.0121535102159
261.694668044	0.0121541899808
262.008827309	0.0121549349436
262.322986575	0.0121557126534
262.63714584	0.0121564995783
262.951305105	0.0121572757528
263.265464371	0.0121580162281
263.579623636	0.0121586859798
263.893782902	0.0121592494115
264.207942167	0.0121596819792
264.522101432	0.0121599699472
264.836260698	0.0121601051686
265.150419963	0.0121600789854
265.464579228	0.012159879155
265.778738494	0.0121594944915
266.092897759	0.0121589248876
266.407057024	0.0121581855267
266.72121629	0.0121573020484
267.035375555	0.0121563043918
267.349534821	0.012155224678
267.663694086	0.0121540988512
267.977853351	0.0121529698669
268.292012617	0.0121518875517
268.606171882	0.0121508995632
268.920331147	0.0121500400662
269.234490413	0.0121493305616
269.548649678	0.0121487914307
269.862808943	0.0121484434025
270.176968209	0.0121482998022
270.491127474	0.0121483631872
270.805286739	0.0121486245885
271.119446005	0.0121490634487
271.43360527	0.0121496517479
271.747764536	0.0121503584392
272.061923801	0.0121511504798
272.376083066	0.0121519928291
272.690242332	0.012152849239
273.004401597	0.0121536817468
273.318560862	0.0121544480094
273.632720128	0.0121551062675
273.946879393	0.012155625892
274.261038658	0.0121559900221
274.575197924	0.0121561891076
274.889357189	0.012156214907
275.203516454	0.01215606142
275.51767572	0.0121557285492
275.831834985	0.0121552235513
276.145994251	0.0121545631056
276.460153516	0.0121537725668
276.774312781	0.0121528812439
277.088472047	0.0121519177112
277.402631312	0.0121509109495
277.716790577	0.0121498870481
278.030949843	0.0121488752218
278.345109108	0.0121479092284
278.659268373	0.0121470241994
278.973427639	0.0121462522688
279.287586904	0.0121456204286
279.60174617	0.012145149485
279.915905435	0.0121448545077
280.2300647	0.0121447417312
280.544223966	0.0121448065249
280.858383231	0.0121450369499
281.172542496	0.0121454197864
281.486701762	0.0121459427137
281.800861027	0.0121465852816
282.115020292	0.0121473122406
282.429179558	0.0121480832789
282.743338823	0.0121488660951
283.057498088	0.0121496377533
283.371657354	0.0121503750701
283.685816619	0.012151047246
283.999975885	0.012151619259
284.31413515	0.0121520603877
284.628294415	0.0121523512203
284.942453681	0.0121524837555
285.256612946	0.0121524544859
285.570772211	0.012152258817
285.884931477	0.0121518909927
286.199090742	0.0121513491196
286.513250007	0.0121506411317
286.827409273	0.0121497870364
287.141568538	0.0121488161887
287.455727803	0.0121477628402
287.769887069	0.0121466635932
288.084046334	0.0121455576898
288.3982056	0.0121444873167
288.712364865	0.0121434931406
289.02652413	0.0121426089978
289.340683396	0.01214186192
289.654842661	0.0121412778774
289.969001926	0.0121408821909
290.283161192	0.0121406903802
290.597320457	0.012140702739
290.911479722	0.0121409074616
291.225638988	0.0121412863373
291.539798253	0.0121418177309
291.853957519	0.0121424770558
292.168116784	0.01214323524
292.482276049	0.0121440567045
292.796435315	0.0121448987483
293.11059458	0.0121457161078
293.424753845	0.0121464680785
293.738913111	0.012147120307
294.053072376	0.0121476434262
294.367231641	0.012148012966
294.681390907	0.0121482107591
294.995550172	0.0121482269402
295.309709437	0.0121480609299
295.623868703	0.0121477192613
295.938027968	0.0121472132186
296.252187234	0.0121465600326
296.566346499	0.0121457856277
296.880505764	0.0121449213872
297.19466503	0.0121439999346
297.508824295	0.0121430508105
297.82298356	0.0121421040935
298.137142826	0.0121411904699
298.451302091	0.0121403393877
298.765461356	0.0121395764205
299.079620622	0.0121389239392
299.393779887	0.0121384002672
299.707939152	0.0121380176676
300.022098418	0.0121377817628
300.336257683	0.012137693469
300.650416949	0.0121377499155
300.964576214	0.0121379420908
301.278735479	0.0121382545551
301.592894745	0.0121386685527
301.90705401	0.012139165537
302.221213275	0.0121397280282
302.535372541	0.0121403374036
302.849531806	0.0121409711638
303.163691071	0.0121416024511
303.477850337	0.0121422022332
303.792009602	0.0121427440347
304.106168868	0.0121432078658
304.420328133	0.0121435802885
304.734487398	0.0121438493958
305.048646664	0.0121439995835
305.362805929	0.0121440132155
305.676965194	0.0121438770361
305.99112446	0.0121435849862
306.305283725	0.0121431361943
306.61944299	0.0121425349992
306.933602256	0.0121417939245
307.247761521	0.0121409349236
307.561920786	0.0121399875522
307.876080052	0.0121389849915
308.190239317	0.0121379615331
308.504398583	0.0121369521704
308.818557848	0.0121359926344
309.132717113	0.0121351190746
309.446876379	0.0121343669373
309.761035644	0.0121337681222
310.075194909	0.0121333460758
310.389354175	0.0121331134857
310.70351344	0.0121330749081
311.017672705	0.0121332288951
311.331831971	0.0121335664694
311.645991236	0.0121340683815
311.960150501	0.0121347047059
312.274309767	0.0121354378039
312.588469032	0.0121362266426
312.902628298	0.0121370294909
313.216787563	0.012137804397
313.530946828	0.0121385097744
313.845106094	0.0121391069903
314.159265359	0.0121395642857
18707751.7257	2.42272331803e+31
37415503.4514	2.4227265545e+31
56123255.1771	2.42274150149e+31
74831006.9028	2.42277317154e+31
93538758.6285	2.42282322083e+31
112246510.354	2.42289125597e+31
130954262.08	2.4229764951e+31
149662013.806	2.42307847299e+31
168369765.531	2.42319717909e+31
187077517.257	2.42333250673e+31
205785268.983	2.42348387834e+31
224493020.708	2.42365034627e+31
243200772.434	2.42383091887e+31
261908524.16	2.42402474071e+31
280616275.886	2.42423111938e+31
299324027.611	2.42444934522e+31
318031779.337	2.42467853932e+31
336739531.063	2.42491758034e+31
355447282.788	2.4251650876e+31
374155034.514	2.42541942933e+31
392862786.24	2.42567896472e+31
411570537.966	2.42594274551e+31
430278289.691	2.42621062829e+31
448986041.417	2.42648089458e+31
467693793.143	2.42674815428e+31
486401544.868	2.42700845065e+31
505109296.594	2.42726465299e+31
523817048.32	2.42752203296e+31
542524800.046	2.42778282346e+31
561232551.771	2.42804471485e+31
579940303.497	2.42830097654e+31
598648055.223	2.42854504028e+31
617355806.948	2.42877567981e+31
636063558.674	2.42899704521e+31
654771310.4	2.4292143535e+31
673479062.125	2.42942898889e+31
692186813.851	2.42963757786e+31
710894565.577	2.42983518905e+31
729602317.303	2.4300187109e+31
748310069.028	2.43018810358e+31
767017820.754	2.4303451249e+31
785725572.48	2.43049097993e+31
804433324.205	2.4306249414e+31
823141075.931	2.43074478211e+31
841848827.657	2.43084832608e+31
860556579.383	2.43093453272e+31
879264331.108	2.43100321776e+31
897972082.834	2.43105434247e+31
916679834.56	2.43108609829e+31
935387586.285	2.43109634901e+31
954095338.011	2.43108625254e+31
972803089.737	2.43105806104e+31
991510841.463	2.43101210999e+31
1010218593.19	2.430948521e+31
1028926344.91	2.4308686762e+31
1047634096.64	2.43077461624e+31
1066341848.37	2.43066867218e+31
1085049600.09	2.43055329401e+31
1103757351.82	2.43043020663e+31
1122465103.54	2.43030063118e+31
1141172855.27	2.43016645294e+31
1159880606.99	2.43003042234e+31
1178588358.72	2.42989547796e+31
1197296110.45	2.42976386587e+31
1216003862.17	2.42963691951e+31
1234711613.9	2.42951550405e+31
1253419365.62	2.42940025717e+31
1272127117.35	2.4292919999e+31
1290834869.07	2.42919224832e+31
1309542620.8	2.42910289763e+31
1328250372.53	2.42902549904e+31
1346958124.25	2.42896091114e+31
1365665875.98	2.42890953107e+31
1384373627.7	2.42887176004e+31
1403081379.43	2.42884828311e+31
1421789131.15	2.42883990917e+31
1440496882.88	2.42884741185e+31
1459204634.61	2.42887152149e+31
1477912386.33	2.42891273348e+31
1496620138.06	2.42897111319e+31
1515327889.78	2.4290462118e+31
1534035641.51	2.42913706569e+31
1552743393.23	2.42924214569e+31
1571451144.96	2.4293592112e+31
1590158896.69	2.42948570409e+31
1608866648.41	2.42961924237e+31
1627574400.14	2.42975752342e+31
1646282151.86	2.42989802777e+31
1664989903.59	2.43003799022e+31
1683697655.31	2.43017478413e+31
1702405407.04	2.43030641099e+31
1721113158.77	2.43043165845e+31
1739820910.49	2.43054964768e+31
1758528662.22	2.43065945351e+31
1777236413.94	2.43076062792e+31
1795944165.67	2.43085393281e+31
1814651917.39	2.43094100934e+31
1833359669.12	2.4310230745e+31
1852067420.85	2.4311001838e+31
1870775172.57	2.43117190657e+31
1889482924.3	2.43123829075e+31
1908190676.02	2.43129977061e+31
1926898427.75	2.43135597085e+31
1945606179.47	2.43140427281e+31
1964313931.2	2.43143951928e+31
1983021682.93	2.43145539363e+31
2001729434.65	2.4314461239e+31
2020437186.38	2.43140692569e+31
2039144938.1	2.43133308284e+31
2057852689.83	2.43121949224e+31
2076560441.55	2.4310618945e+31
2095268193.28	2.43085840381e+31
2113975945	2.43061015505e+31
2132683696.73	2.43032119884e+31
2151391448.46	2.42999801828e+31
2170099200.18	2.42964893919e+31
2188806951.91	2.42928363911e+31
2207514703.63	2.4289127826e+31
2226222455.36	2.42854765895e+31
2244930207.08	2.42819993206e+31
2263637958.81	2.42788158673e+31
2282345710.54	2.42760451727e+31
2301053462.26	2.42737890409e+31
2319761213.99	2.42721165288e+31
2338468965.71	2.42710677601e+31
2357176717.44	2.42706675639e+31
2375884469.16	2.42709289945e+31
2394592220.89	2.42718417303e+31
2413299972.62	2.42733616625e+31
2432007724.34	2.4275413331e+31
2450715476.07	2.42779015809e+31
2469423227.79	2.42807234483e+31
2488130979.52	2.42837738894e+31
2506838731.24	2.4286949984e+31
2525546482.97	2.42901512541e+31
2544254234.7	2.42932782173e+31
2562961986.42	2.42962359401e+31
2581669738.15	2.42989411617e+31
2600377489.87	2.43013262277e+31
2619085241.6	2.43033385726e+31
2637792993.32	2.43049401446e+31
2656500745.05	2.43061118541e+31
2675208496.78	2.43068524902e+31
2693916248.5	2.43071744845e+31
2712624000.23	2.43071069667e+31
2731331751.95	2.43066978209e+31
2750039503.68	2.43060077595e+31
2768747255.4	2.43051008832e+31
2787455007.13	2.43040372261e+31
2806162758.86	2.43028683369e+31
2824870510.58	2.43016398235e+31
2843578262.31	2.43003984224e+31
2862286014.03	2.42991899818e+31
2880993765.76	2.42980486757e+31
2899701517.48	2.42969938709e+31
2918409269.21	2.4296036506e+31
2937117020.94	2.42951804801e+31
2955824772.66	2.42944200849e+31
2974532524.39	2.42937424831e+31
2993240276.11	2.42931331633e+31
3011948027.84	2.42925766059e+31
3030655779.56	2.42920542276e+31
3049363531.29	2.42915473731e+31
3068071283.02	2.4291041766e+31
3086779034.74	2.42905284592e+31
3105486786.47	2.42900038573e+31
3124194538.19	2.42894691864e+31
3142902289.92	2.42889291974e+31
3161610041.64	2.42883911e+31
3180317793.37	2.4287865613e+31
3199025545.1	2.4287368046e+31
3217733296.82	2.42869149879e+31
3236441048.55	2.42865184289e+31
3255148800.27	2.42861838167e+31
3273856552	2.42859125383e+31
3292564303.72	2.42857060254e+31
3311272055.45	2.42855679702e+31
3329979807.18	2.42855014618e+31
3348687558.9	2.42855028488e+31
3367395310.63	2.42855603637e+31
3386103062.35	2.4285659687e+31
3404810814.08	2.42857905978e+31
3423518565.8	2.4285947263e+31
3442226317.53	2.42861251315e+31
3460934069.26	2.42863210963e+31
3479641820.98	2.42865349183e+31
3498349572.71	2.42867685284e+31
3517057324.43	2.42870242899e+31
3535765076.16	2.4287303911e+31
3554472827.88	2.42876087381e+31
3573180579.61	2.42879405478e+31
3591888331.34	2.42883013799e+31
3610596083.06	2.42886916151e+31
3629303834.79	2.42891073294e+31
3648011586.51	2.42895390775e+31
3666719338.24	2.42899733981e+31
3685427089.96	2.42903967021e+31
3704134841.69	2.42907986061e+31
3722842593.42	2.4291172478e+31
3741550345.14	2.42915135977e+31
3760258096.87	2.4291816913e+31
3778965848.59	2.42920762748e+31
3797673600.32	2.4292285579e+31
3816381352.04	2.42924424734e+31
3835089103.77	2.42925505399e+31
3853796855.5	2.42926161668e+31
3872504607.22	2.42926423714e+31
3891212358.95	2.42926273857e+31
3909920110.67	2.42925692736e+31
3928627862.4	2.42924672997e+31
3947335614.12	2.42923199137e+31
3966043365.85	2.42921252456e+31
3984751117.58	2.42918826572e+31
4003458869.3	2.42915929191e+31
4022166621.03	2.42912567663e+31
4040874372.75	2.4290873685e+31
4059582124.48	2.42904406015e+31
4078289876.2	2.42899515197e+31
4096997627.93	2.42894010275e+31
4115705379.66	2.42887894988e+31
4134413131.38	2.42881239183e+31
4153120883.11	2.42874126547e+31
4171828634.83	2.42866627205e+31
4190536386.56	2.42858833635e+31
4209244138.28	2.42850897392e+31
4227951890.01	2.42843027771e+31
4246659641.74	2.42835463949e+31
4265367393.46	2.42828430098e+31
4284075145.19	2.42822089371e+31
4302782896.91	2.42816552421e+31
4321490648.64	2.42811915242e+31
4340198400.36	2.42808266011e+31
4358906152.09	2.42805663421e+31
4377613903.82	2.4280411231e+31
4396321655.54	2.42803569413e+31
4415029407.27	2.42803952854e+31
4433737158.99	2.42805148465e+31
4452444910.72	2.42807020648e+31
4471152662.44	2.42809423144e+31
4489860414.17	2.42812222114e+31
4508568165.9	2.42815318109e+31
4527275917.62	2.42818648169e+31
4545983669.35	2.42822166168e+31
4564691421.07	2.42825796408e+31
4583399172.8	2.4282940556e+31
4602106924.52	2.42832873993e+31
4620814676.25	2.4283619919e+31
4639522427.98	2.42839460223e+31
4658230179.7	2.42842692767e+31
4676937931.43	2.42845851633e+31
4695645683.15	2.42848878426e+31
4714353434.88	2.42851775563e+31
4733061186.6	2.42854603212e+31
4751768938.33	2.42857400688e+31
4770476690.06	2.42860111794e+31
4789184441.78	2.42862590216e+31
4807892193.51	2.42864674094e+31
4826599945.23	2.42866246935e+31
4845307696.96	2.42867242823e+31
4864015448.68	2.4286762574e+31
4882723200.41	2.42867345425e+31
4901430952.14	2.42866298035e+31
4920138703.86	2.42864367033e+31
4938846455.59	2.42861521123e+31
4957554207.31	2.42857865805e+31
4976261959.04	2.42853608844e+31
4994969710.76	2.42848955949e+31
5013677462.49	2.42844030828e+31
5032385214.22	2.42838886683e+31
5051092965.94	2.42833563773e+31
5069800717.67	2.42828131357e+31
5088508469.39	2.42822695838e+31
5107216221.12	2.42817391136e+31
5125923972.84	2.42812331319e+31
5144631724.57	2.42807558025e+31
5163339476.3	2.42803044679e+31
5182047228.02	2.42798758747e+31
5200754979.75	2.42794705686e+31
5219462731.47	2.42790931048e+31
5238170483.2	2.42787476254e+31
5256878234.92	2.42784338282e+31
5275585986.65	2.42781493304e+31
5294293738.38	2.42778947938e+31
5313001490.1	2.42776727767e+31
5331709241.83	2.42774828426e+31
5350416993.55	2.42773218561e+31
5369124745.28	2.42771861012e+31
5387832497	2.4277072217e+31
5406540248.73	2.42769778897e+31
5425248000.46	2.42769031789e+31
5443955752.18	2.42768491907e+31
5462663503.91	2.4276813674e+31
5481371255.63	2.42767885921e+31
5500079007.36	2.42767626808e+31
5518786759.08	2.42767272073e+31
5537494510.81	2.4276679831e+31
5556202262.54	2.42766251726e+31
5574910014.26	2.42765719888e+31
5593617765.99	2.42765292987e+31
5612325517.71	2.42765065245e+31
5631033269.44	2.42765138836e+31
5649741021.16	2.42765594535e+31
5668448772.89	2.42766484218e+31
5687156524.62	2.42767830271e+31
5705864276.34	2.42769630435e+31
5724572028.07	2.4277185682e+31
5743279779.79	2.42774450696e+31
5761987531.52	2.42777318448e+31
5780695283.24	2.42780305779e+31
5799403034.97	2.42783202639e+31
5818110786.7	2.42785790884e+31
5836818538.42	2.42787908398e+31
5855526290.15	2.42789480108e+31
5874234041.87	2.42790462622e+31
5892941793.6	2.42790780977e+31
5911649545.32	2.4279032332e+31
5930357297.05	2.42789029262e+31
5949065048.78	2.42786986419e+31
5967772800.5	2.42784389092e+31
5986480552.23	2.42781417453e+31
6005188303.95	2.42778168947e+31
6023896055.68	2.42774699905e+31
6042603807.4	2.4277109233e+31
6061311559.13	2.42767467771e+31
6080019310.86	2.42763953805e+31
6098727062.58	2.42760629266e+31
6117434814.31	2.42757493647e+31
6136142566.03	2.42754445042e+31
6154850317.76	2.42751274116e+31
6173558069.48	2.42747728932e+31
6192265821.21	2.42743657634e+31
6210973572.93	2.42739070341e+31
6229681324.66	2.42734025781e+31
6248389076.39	2.42728533971e+31
6267096828.11	2.42722595049e+31
6285804579.84	2.4271630756e+31
6304512331.56	2.42709927757e+31
6323220083.29	2.42703800237e+31
6341927835.01	2.42698216784e+31
6360635586.74	2.4269334258e+31
6379343338.47	2.42689283281e+31
6398051090.19	2.42686158598e+31
6416758841.92	2.42684112074e+31
6435466593.64	2.42683245324e+31
6454174345.37	2.42683549703e+31
6472882097.09	2.42684899571e+31
6491589848.82	2.4268707541e+31
6510297600.55	2.4268981532e+31
6529005352.27	2.42692895784e+31
6547713104	2.42696188018e+31
6566420855.72	2.42699639913e+31
6585128607.45	2.42703187995e+31
6603836359.17	2.4270669499e+31
6622544110.9	2.42709974825e+31
6641251862.63	2.42712880819e+31
6659959614.35	2.42715358087e+31
6678667366.08	2.42717432653e+31
6697375117.8	2.42719186173e+31
6716082869.53	2.42720708287e+31
6734790621.25	2.42722025029e+31
6753498372.98	2.42723036085e+31
6772206124.71	2.42723512608e+31
6790913876.43	2.42723220292e+31
6809621628.16	2.42722055319e+31
6828329379.88	2.42720032145e+31
6847037131.61	2.42717225257e+31
6865744883.33	2.42713726027e+31
6884452635.06	2.42709595826e+31
6903160386.79	2.42704900091e+31
6921868138.51	2.42699794919e+31
6940575890.24	2.4269451237e+31
6959283641.96	2.42689276444e+31
6977991393.69	2.42684286038e+31
6996699145.41	2.42679737192e+31
7015406897.14	2.42675777256e+31
7034114648.87	2.42672472096e+31
7052822400.59	2.42669840943e+31
7071530152.32	2.42667871187e+31
7090237904.04	2.42666467931e+31
7108945655.77	2.4266544537e+31
7127653407.49	2.42664594754e+31
7146361159.22	2.42663711973e+31
7165068910.95	2.42662646274e+31
7183776662.67	2.42661375163e+31
7202484414.4	2.4265998125e+31
7221192166.12	2.4265855622e+31
7239899917.85	2.42657125749e+31
7258607669.57	2.42655627004e+31
7277315421.3	2.42653941625e+31
7296023173.03	2.4265203232e+31
7314730924.75	2.42650048914e+31
7333438676.48	2.4264829614e+31
7352146428.2	2.42647037777e+31
7370854179.93	2.42646298937e+31
7389561931.65	2.42645876549e+31
7408269683.38	2.4264548452e+31
7426977435.11	2.42644850636e+31
7445685186.83	2.42643750114e+31
7464392938.56	2.42642091323e+31
7483100690.28	2.42639912569e+31
7501808442.01	2.42637229796e+31
7520516193.73	2.4263401166e+31
7539223945.46	2.42630278226e+31
7557931697.19	2.42626149424e+31
7576639448.91	2.42621824967e+31
7595347200.64	2.42617543978e+31
7614054952.36	2.4261355799e+31
7632762704.09	2.4261015355e+31
7651470455.81	2.42607640975e+31
7670178207.54	2.42606271202e+31
7688885959.27	2.42606164801e+31
7707593710.99	2.42607261549e+31
7726301462.72	2.42609303357e+31
7745009214.44	2.42611923371e+31
7763716966.17	2.42614855137e+31
7782424717.89	2.42617993447e+31
7801132469.62	2.42621207906e+31
7819840221.35	2.42624233973e+31
7838547973.07	2.42626761905e+31
7857255724.8	2.42628602123e+31
7875963476.52	2.42629752707e+31
7894671228.25	2.42630283779e+31
7913378979.97	2.42630198844e+31
7932086731.7	2.42629467868e+31
7950794483.43	2.42628166427e+31
7969502235.15	2.42626479865e+31
7988209986.88	2.42624557237e+31
8006917738.6	2.42622376432e+31
8025625490.33	2.42619749819e+31
8044333242.05	2.42616446477e+31
8063040993.78	2.42612302089e+31
8081748745.51	2.42607259799e+31
8100456497.23	2.42601360127e+31
8119164248.96	2.42594702734e+31
8137872000.68	2.42587404233e+31
8156579752.41	2.42579641264e+31
8175287504.13	2.4257172153e+31
8193995255.86	2.42564052971e+31
8212703007.59	2.42557026883e+31
8231410759.31	2.42550955678e+31
8250118511.04	2.42546080587e+31
8268826262.76	2.42542593679e+31
8287534014.49	2.42540625465e+31
8306241766.21	2.42540218215e+31
8324949517.94	2.42541327801e+31
8343657269.67	2.42543790648e+31
8362365021.39	2.42547252548e+31
8381072773.12	2.42551172666e+31
8399780524.84	2.42554979669e+31
8418488276.57	2.42558265107e+31
8437196028.29	2.42560842583e+31
8455903780.02	2.42562656506e+31
8474611531.75	2.42563653309e+31
8493319283.47	2.42563763875e+31
8512027035.2	2.42563001611e+31
8530734786.92	2.42561525354e+31
8549442538.65	2.42559609488e+31
8568150290.37	2.42557564153e+31
8586858042.1	2.42555651166e+31
8605565793.83	2.42553978234e+31
8624273545.55	2.42552464739e+31
8642981297.28	2.42550968408e+31
8661689049	2.42549400688e+31
8680396800.73	2.42547631632e+31
8699104552.45	2.42545374494e+31
8717812304.18	2.42542274591e+31
8736520055.91	2.42538130622e+31
8755227807.63	2.42533020699e+31
8773935559.36	2.42527229026e+31
8792643311.08	2.4252104834e+31
8811351062.81	2.42514653045e+31
8830058814.53	2.42508169763e+31
8848766566.26	2.42501844851e+31
8867474317.99	2.42496133981e+31
8886182069.71	2.42491622988e+31
8904889821.44	2.42488866461e+31
8923597573.16	2.4248823506e+31
8942305324.89	2.42489802055e+31
8961013076.61	2.42493320124e+31
8979720828.34	2.42498332954e+31
8998428580.07	2.42504358226e+31
9017136331.79	2.42510960319e+31
9035844083.52	2.42517663548e+31
9054551835.24	2.4252394493e+31
9073259586.97	2.425293247e+31
9091967338.69	2.42533402222e+31
9110675090.42	2.42535854968e+31
9129382842.15	2.42536448381e+31
9148090593.87	2.42535059308e+31
9166798345.6	2.425317449e+31
9185506097.32	2.42526804825e+31
9204213849.05	2.42520689185e+31
9222921600.77	2.42513769347e+31
9241629352.5	2.42506248218e+31
9260337104.23	2.42498285205e+31
9279044855.95	2.42490093794e+31
9297752607.68	2.4248192533e+31
9316460359.4	2.42473982226e+31
9335168111.13	2.4246632293e+31
9353875862.85	2.42458882089e+31
9372583614.58	2.42451662398e+31
9391291366.31	2.42444860466e+31
9409999118.03	2.42438743384e+31
9428706869.76	2.42433487297e+31
9447414621.48	2.42429137393e+31
9466122373.21	2.42425664477e+31
9484830124.93	2.42423026282e+31
9503537876.66	2.42421257088e+31
9522245628.39	2.42420509548e+31
9540953380.11	2.42420979318e+31
9559661131.84	2.4242281736e+31
9578368883.56	2.42426047203e+31
9597076635.29	2.42430485947e+31
9615784387.01	2.4243576844e+31
9634492138.74	2.42441496419e+31
9653199890.47	2.42447390598e+31
9671907642.19	2.42453306075e+31
9690615393.92	2.42459094991e+31
9709323145.64	2.42464475092e+31
9728030897.37	2.42469063978e+31
9746738649.09	2.42472497031e+31
9765446400.82	2.42474528193e+31
9784154152.55	2.42475121562e+31
9802861904.27	2.42474404829e+31
9821569656	2.42472464157e+31
9840277407.72	2.42469210018e+31
9858985159.45	2.42464445796e+31
9877692911.17	2.42458056109e+31
9896400662.9	2.42450112302e+31
9915108414.63	2.42440811789e+31
9933816166.35	2.42430400229e+31
9952523918.08	2.42419164886e+31
9971231669.8	2.42407432679e+31
9989939421.53	2.42395585711e+31
10008647173.3	2.42384110787e+31
10027354925	2.42373579569e+31
10046062676.7	2.42364530707e+31
10064770428.4	2.42357401047e+31
10083478180.2	2.42352546613e+31
10102185931.9	2.42350297084e+31
10120893683.6	2.42350907564e+31
10139601435.3	2.42354461594e+31
10158309187.1	2.42360781804e+31
10177016938.8	2.42369454428e+31
10195724690.5	2.42379922274e+31
10214432442.2	2.42391531079e+31
10233140194	2.42403547132e+31
10251847945.7	2.42415183612e+31
10270555697.4	2.42425640834e+31
10289263449.1	2.42434184971e+31
10307971200.9	2.42440226003e+31
10326678952.6	2.42443369575e+31
10345386704.3	2.42443442555e+31
10364094456	2.42440467159e+31
10382802207.8	2.42434605536e+31
10401509959.5	2.42426152364e+31
10420217711.2	2.42415586388e+31
10438925462.9	2.42403560509e+31
10457633214.7	2.42390778681e+31
10476340966.4	2.42377846465e+31
10495048718.1	2.42365204456e+31
10513756469.8	2.42353166483e+31
10532464221.6	2.42342013055e+31
10551171973.3	2.42332013e+31
10569879725	2.42323346085e+31
10588587476.8	2.42316078688e+31
10607295228.5	2.42310227501e+31
10626002980.2	2.42305812949e+31
10644710731.9	2.4230281649e+31
10663418483.7	2.42301142348e+31
10682126235.4	2.42300661902e+31
10700833987.1	2.42301272984e+31
10719541738.8	2.42302959244e+31
10738249490.6	2.42305746477e+31
10756957242.3	2.423096317e+31
10775664994	2.42314560123e+31
10794372745.7	2.42320412423e+31
10813080497.5	2.42326988622e+31
10831788249.2	2.42334020816e+31
10850496000.9	2.42341229777e+31
10869203752.6	2.42348380816e+31
10887911504.4	2.42355274587e+31
10906619256.1	2.4236168104e+31
10925327007.8	2.42367295093e+31
10944034759.5	2.42371741662e+31
10962742511.3	2.42374653398e+31
10981450263	2.42375769015e+31
11000158014.7	2.42374953005e+31
11018865766.4	2.42372154613e+31
11037573518.2	2.42367368974e+31
11056281269.9	2.42360631616e+31
11074989021.6	2.42351993986e+31
11093696773.3	2.42341513321e+31
11112404525.1	2.42329318415e+31
11131112276.8	2.42315693178e+31
11149820028.5	2.42301066805e+31
11168527780.2	2.42285918438e+31
11187235532	2.42270748241e+31
11205943283.7	2.4225610264e+31
11224651035.4	2.42242574969e+31
11243358787.2	2.42230749457e+31
11262066538.9	2.42221159489e+31
11280774290.6	2.42214271583e+31
11299482042.3	2.42210454969e+31
11318189794.1	2.42209905949e+31
11336897545.8	2.42212646764e+31
11355605297.5	2.4221859312e+31
11374313049.2	2.42227569097e+31
11393020801	2.42239256044e+31
11411728552.7	2.42253121158e+31
11430436304.4	2.42268420871e+31
11449144056.1	2.42284281492e+31
11467851807.9	2.42299829967e+31
11486559559.6	2.42314243418e+31
11505267311.3	2.42326711437e+31
11523975063	2.42336453132e+31
11542682814.8	2.42342809168e+31
11561390566.5	2.42345358797e+31
11580098318.2	2.42343973866e+31
11598806069.9	2.42338734757e+31
11617513821.7	2.42329829138e+31
11636221573.4	2.42317561963e+31
11654929325.1	2.42302433523e+31
11673637076.8	2.42285170523e+31
11692344828.6	2.42266667183e+31
11711052580.3	2.42247824131e+31
11729760332	2.4222937292e+31
11748468083.7	2.42211895318e+31
11767175835.5	2.4219592039e+31
11785883587.2	2.42181995554e+31
11804591338.9	2.4217059214e+31
11823299090.6	2.42162012854e+31
11842006842.4	2.42156400284e+31
11860714594.1	2.42153791673e+31
11879422345.8	2.42154132482e+31
11898130097.6	2.42157229886e+31
11916837849.3	2.42162731174e+31
11935545601	2.42170182741e+31
11954253352.7	2.42179105197e+31
11972961104.5	2.42189048233e+31
11991668856.2	2.42199619364e+31
12010376607.9	2.42210470929e+31
12029084359.6	2.42221253518e+31
12047792111.4	2.42231571477e+31
12066499863.1	2.42241015893e+31
12085207614.8	2.42249242543e+31
12103915366.5	2.42256004449e+31
12122623118.3	2.42261132145e+31
12141330870	2.42264516024e+31
12160038621.7	2.42266087907e+31
12178746373.4	2.42265795826e+31
12197454125.2	2.42263614066e+31
12216161876.9	2.42259551915e+31
12234869628.6	2.42253617142e+31
12253577380.3	2.42245792588e+31
12272285132.1	2.42236079e+31
12290992883.8	2.42224546108e+31
12309700635.5	2.42211342255e+31
12328408387.2	2.42196694257e+31
12347116139	2.42180929598e+31
12365823890.7	2.42164467074e+31
12384531642.4	2.4214777072e+31
12403239394.1	2.42131294781e+31
12421947145.9	2.42115477996e+31
12440654897.6	2.42100830373e+31
12459362649.3	2.42088027754e+31
12478070401	2.42077853855e+31
12496778152.8	2.42070982698e+31
12515485904.5	2.42067791112e+31
12534193656.2	2.4206835802e+31
12552901407.9	2.42072595377e+31
12571609159.7	2.42080399875e+31
12590316911.4	2.42091696668e+31
12609024663.1	2.42106287787e+31
12627732414.9	2.42123653397e+31
12646440166.6	2.42142904718e+31
12665147918.3	2.42162909953e+31
12683855670	2.4218250028e+31
12702563421.8	2.42200640531e+31
12721271173.5	2.42216449393e+31
12739978925.2	2.42229104594e+31
12758686676.9	2.42237793993e+31
12777394428.7	2.42241819316e+31
12796102180.4	2.42240775835e+31
12814809932.1	2.42234624561e+31
12833517683.8	2.42223604733e+31
12852225435.6	2.42208121895e+31
12870933187.3	2.42188746096e+31
12889640939	2.42166280403e+31
12908348690.7	2.42141772253e+31
12927056442.5	2.42116422358e+31
12945764194.2	2.42091436571e+31
12964471945.9	2.4206789941e+31
12983179697.6	2.42046728509e+31
13001887449.4	2.42028692075e+31
13020595201.1	2.42014431523e+31
13039302952.8	2.4200440942e+31
13058010704.5	2.41998811951e+31
13076718456.3	2.41997564937e+31
13095426208	2.42000429132e+31
13114133959.7	2.42007064957e+31
13132841711.4	2.42017000556e+31
13151549463.2	2.42029556586e+31
13170257214.9	2.42043897547e+31
13188964966.6	2.42059222766e+31
13207672718.3	2.42074939648e+31
13226380470.1	2.42090635454e+31
13245088221.8	2.42105862153e+31
13263795973.5	2.42119991603e+31
13282503725.3	2.42132311449e+31
13301211477	2.42142237041e+31
13319919228.7	2.42149464281e+31
13338626980.4	2.42153976663e+31
13357334732.2	2.42155885533e+31
13376042483.9	2.42155234492e+31
13394750235.6	2.42151919867e+31
13413457987.3	2.42145773543e+31
13432165739.1	2.42136753069e+31
13450873490.8	2.42125070683e+31
13469581242.5	2.42111113926e+31
13488288994.2	2.42095267483e+31
13506996746	2.42077856513e+31
13525704497.7	2.42059244361e+31
13544412249.4	2.42039933159e+31
13563120001.1	2.4202053973e+31
13581827752.9	2.42001675917e+31
13600535504.6	2.41983863685e+31
13619243256.3	2.41967556352e+31
13637951008	2.41953222839e+31
13656658759.8	2.41941406468e+31
13675366511.5	2.4193269491e+31
13694074263.2	2.41927612665e+31
13712782014.9	2.41926501151e+31
13731489766.7	2.41929444174e+31
13750197518.4	2.41936273811e+31
13768905270.1	2.41946682925e+31
13787613021.8	2.419603245e+31
13806320773.6	2.41976776336e+31
13825028525.3	2.41995437436e+31
13843736277	2.42015495867e+31
13862444028.7	2.42035980293e+31
13881151780.5	2.42055842708e+31
13899859532.2	2.4207402906e+31
13918567283.9	2.4208956218e+31
13937275035.7	2.42101618277e+31
13955982787.4	2.42109558867e+31
13974690539.1	2.42112917023e+31
13993398290.8	2.42111386911e+31
14012106042.6	2.42104855188e+31
14030813794.3	2.42093455311e+31
14049521546	2.42077588975e+31
14068229297.7	2.42057902811e+31
14086937049.5	2.42035234934e+31
14105644801.2	2.42010553386e+31
14124352552.9	2.41984899238e+31
14143060304.6	2.41959331808e+31
14161768056.4	2.41934891863e+31
14180475808.1	2.41912571157e+31
14199183559.8	2.41893243038e+31
14217891311.5	2.41877578255e+31
14236599063.3	2.41866000751e+31
14255306815	2.41858740569e+31
14274014566.7	2.41855864563e+31
14292722318.4	2.41857264637e+31
14311430070.2	2.41862614909e+31
14330137821.9	2.41871403824e+31
14348845573.6	2.4188300483e+31
14367553325.3	2.41896735939e+31
14386261077.1	2.41911907591e+31
14404968828.8	2.41927874293e+31
14423676580.5	2.41944078746e+31
14442384332.2	2.41960027198e+31
14461092084	2.41975211013e+31
14479799835.7	2.41989047278e+31
14498507587.4	2.42000919854e+31
14517215339.1	2.42010325744e+31
14535923090.9	2.42016971565e+31
14554630842.6	2.42020725383e+31
14573338594.3	2.42021499412e+31
14592046346.1	2.42019170133e+31
14610754097.8	2.42013570537e+31
14629461849.5	2.42004610463e+31
14648169601.2	2.41992425775e+31
14666877353	2.4197736902e+31
14685585104.7	2.41959892975e+31
14704292856.4	2.41940498794e+31
14723000608.1	2.41919769592e+31
14741708359.9	2.41898401465e+31
14760416111.6	2.41877174442e+31
14779123863.3	2.41856874979e+31
14797831615	2.41838217475e+31
14816539366.8	2.4182181103e+31
14835247118.5	2.41808193276e+31
14853954870.2	2.41797834751e+31
14872662621.9	2.41791100201e+31
14891370373.7	2.41788217436e+31
14910078125.4	2.41789277491e+31
14928785877.1	2.41794245183e+31
14947493628.8	2.41802924863e+31
14966201380.6	2.41814885461e+31
14984909132.3	2.41829493686e+31
15003616884	2.41846023854e+31
15022324635.7	2.41863774018e+31
15041032387.5	2.41882062623e+31
15059740139.2	2.41900062717e+31
15078447890.9	2.41916808247e+31
15097155642.6	2.41931395184e+31
15115863394.4	2.41943132122e+31
15134571146.1	2.41951540246e+31
15153278897.8	2.41956289542e+31
15171986649.5	2.41957159309e+31
15190694401.3	2.41954040895e+31
15209402153	2.41946952609e+31
15228109904.7	2.41936056546e+31
15246817656.5	2.41921680585e+31
15265525408.2	2.41904310545e+31
15284233159.9	2.41884596419e+31
15302940911.6	2.41863345726e+31
15321648663.4	2.41841387958e+31
15340356415.1	2.41819370654e+31
15359064166.8	2.41797876665e+31
15377771918.5	2.4177760265e+31
15396479670.3	2.4175933844e+31
15415187422	2.41743829695e+31
15433895173.7	2.41731668622e+31
15452602925.4	2.41723212352e+31
15471310677.2	2.4171853248e+31
15490018428.9	2.41717471134e+31
15508726180.6	2.41719789382e+31
15527433932.3	2.41725346095e+31
15546141684.1	2.41734028416e+31
15564849435.8	2.41745471704e+31
15583557187.5	2.41758992908e+31
15602264939.2	2.41773810963e+31
15620972691	2.4178928039e+31
15639680442.7	2.41804933113e+31
15658388194.4	2.41820372e+31
15677095946.1	2.41835100793e+31
15695803697.9	2.41848422824e+31
15714511449.6	2.41859630044e+31
15733219201.3	2.41868234248e+31
15751926953	2.41873962219e+31
15770634704.8	2.41876651908e+31
15789342456.5	2.41876131099e+31
15808050208.2	2.41872156272e+31
15826757959.9	2.41864504931e+31
15845465711.7	2.4185317494e+31
15864173463.4	2.41838468312e+31
15882881215.1	2.41820895045e+31
15901588966.9	2.41801050657e+31
15920296718.6	2.41779574071e+31
15939004470.3	2.4175718025e+31
15957712222	2.41734723623e+31
15976419973.8	2.4171319529e+31
15995127725.5	2.41693543212e+31
16013835477.2	2.41676446957e+31
16032543228.9	2.416623342e+31
16051250980.7	2.41651610348e+31
16069958732.4	2.41644687718e+31
16088666484.1	2.41641831366e+31
16107374235.8	2.41643092157e+31
16126081987.6	2.41648291689e+31
16144789739.3	2.41657021059e+31
16163497491	2.41668722917e+31
16182205242.7	2.41682779714e+31
16200912994.5	2.41698534194e+31
16219620746.2	2.41715289364e+31
16238328497.9	2.41732324214e+31
16257036249.6	2.41748883626e+31
16275744001.4	2.41764125354e+31
16294451753.1	2.41777218767e+31
16313159504.8	2.41787554618e+31
16331867256.5	2.4179479753e+31
16350575008.3	2.4179875754e+31
16369282760	2.41799270715e+31
16387990511.7	2.41796217706e+31
16406698263.4	2.41789596573e+31
16425406015.2	2.41779551659e+31
16444113766.9	2.41766414734e+31
16462821518.6	2.41750690127e+31
16481529270.3	2.41732960823e+31
16500237022.1	2.41713795193e+31
16518944773.8	2.41693769696e+31
16537652525.5	2.41673403273e+31
16556360277.3	2.41653277037e+31
16575068029	2.41634062463e+31
16593775780.7	2.41616458349e+31
16612483532.4	2.41601103878e+31
16631191284.2	2.41588535945e+31
16649899035.9	2.41579168406e+31
16668606787.6	2.41573301012e+31
16687314539.3	2.41571057776e+31
16706022291.1	2.41572346586e+31
16724730042.8	2.41576929971e+31
16743437794.5	2.41584544971e+31
16762145546.2	2.41594946518e+31
16780853298	2.41607727836e+31
16799561049.7	2.41622187777e+31
16818268801.4	2.41637524501e+31
16836976553.1	2.41653095497e+31
16855684304.9	2.41668444552e+31
16874392056.6	2.41683110518e+31
16893099808.3	2.4169648077e+31
16911807560	2.4170785868e+31
16930515311.8	2.41716633173e+31
16949223063.5	2.41722418124e+31
16967930815.2	2.4172505438e+31
16986638566.9	2.4172447218e+31
17005346318.7	2.41720580128e+31
17024054070.4	2.41713263736e+31
17042761822.1	2.41702485337e+31
17061469573.8	2.41688402751e+31
17080177325.6	2.41671413941e+31
17098885077.3	2.4165210281e+31
17117592829	2.41631150655e+31
17136300580.7	2.41609285533e+31
17155008332.5	2.41587288007e+31
17173716084.2	2.41565997217e+31
17192423835.9	2.41546222061e+31
17211131587.7	2.41528635574e+31
17229839339.4	2.41513775451e+31
17248547091.1	2.4150215826e+31
17267254842.8	2.41494287659e+31
17285962594.6	2.41490472352e+31
17304670346.3	2.41490718182e+31
17323378098	2.41494790318e+31
17342085849.7	2.41502326536e+31
17360793601.5	2.41512896485e+31
17379501353.2	2.41526011117e+31
17398209104.9	2.41541092158e+31
17416916856.6	2.41557431908e+31
17435624608.4	2.41574181002e+31
17454332360.1	2.415904391e+31
17473040111.8	2.4160539655e+31
17491747863.5	2.41618370026e+31
17510455615.3	2.41628775391e+31
17529163367	2.41636125906e+31
17547871118.7	2.41640060209e+31
17566578870.4	2.41640382067e+31
17585286622.2	2.41637079956e+31
17603994373.9	2.41630283826e+31
17622702125.6	2.41620218131e+31
17641409877.3	2.41607225608e+31
17660117629.1	2.41591821921e+31
17678825380.8	2.41574631313e+31
17697533132.5	2.41556302699e+31
17716240884.2	2.41537423671e+31
17734948636	2.41518592525e+31
17753656387.7	2.41500419636e+31
17772364139.4	2.4148349076e+31
17791071891.1	2.41468314581e+31
17809779642.9	2.41455336075e+31
17828487394.6	2.41444919716e+31
17847195146.3	2.41437309427e+31
17865902898.1	2.41432617043e+31
17884610649.8	2.41430860792e+31
17903318401.5	2.4143198357e+31
17922026153.2	2.41435806127e+31
17940733905	2.41442021355e+31
17959441656.7	2.41450256182e+31
17978149408.4	2.41460141696e+31
17996857160.1	2.41471330208e+31
18015564911.9	2.41483451296e+31
18034272663.6	2.41496057418e+31
18052980415.3	2.41508614354e+31
18071688167	2.4152054462e+31
18090395918.8	2.41531321594e+31
18109103670.5	2.41540547658e+31
18127811422.2	2.41547955518e+31
18146519173.9	2.41553308332e+31
18165226925.7	2.41556295716e+31
18183934677.4	2.4155656687e+31
18202642429.1	2.41553858125e+31
18221350180.8	2.41548048961e+31
18240057932.6	2.4153912204e+31
18258765684.3	2.4152716367e+31
18277473436	2.41512422952e+31
18296181187.7	2.41495336565e+31
18314888939.5	2.41476492402e+31
18333596691.2	2.41456550465e+31
18352304442.9	2.41436192855e+31
18371012194.6	2.41416115621e+31
18389719946.4	2.4139702949e+31
18408427698.1	2.41379653513e+31
18427135449.8	2.4136469275e+31
18445843201.5	2.41352781719e+31
18464550953.3	2.41344386793e+31
18483258705	2.41339760344e+31
18501966456.7	2.41338992997e+31
18520674208.5	2.41342055952e+31
18539381960.2	2.41348770642e+31
18558089711.9	2.41358754177e+31
18576797463.6	2.41371411306e+31
18595505215.4	2.41385993358e+31
18614212967.1	2.41401684148e+31
18632920718.8	2.41417653604e+31
18651628470.5	2.41433067261e+31
18670336222.3	2.41447097923e+31
18689043974	2.41458977144e+31
18707751725.7	2.41468073206e+31
18707751.7257	2.42272331803e+31
37415503.4514	2.4227265545e+31
56123255.1771	2.42274150149e+31
74831006.9028	2.42277317154e+31
93538758.6285	2.42282322083e+31
112246510.354	2.42289125597e+31
130954262.08	2.4229764951e+31
149662013.806	2.42307847299e+31
168369765.531	2.42319717909e+31
187077517.257	2.42333250673e+31
205785268.983	2.42348387834e+31
224493020.708	2.42365034627e+31
243200772.434	2.42383091887e+31
261908524.16	2.42402474071e+31
280616275.886	2.42423111938e+31
299324027.611	2.42444934522e+31
318031779.337	2.42467853932e+31
336739531.063	2.42491758034e+31
355447282.788	2.4251650876e+31
374155034.514	2.42541942933e+31
392862786.24	2.42567896472e+31
411570537.966	2.42594274551e+31
430278289.691	2.42621062829e+31
448986041.417	2.42648089458e+31
467693793.143	2.42674815428e+31
486401544.868	2.42700845065e+31
505109296.594	2.42726465299e+31
523817048.32	2.42752203296e+31
542524800.046	2.42778282346e+31
561232551.771	2.42804471485e+31
579940303.497	2.42830097654e+31
598648055.223	2.42854504028e+31
617355806.948	2.42877567981e+31
636063558.674	2.42899704521e+31
654771310.4	2.4292143535e+31
673479062.125	2.42942898889e+31
692186813.851	2.42963757786e+31
710894565.577	2.42983518905e+31
729602317.303	2.4300187109e+31
748310069.028	2.43018810358e+31
767017820.754	2.4303451249e+31
785725572.48	2.43049097993e+31
804433324.205	2.4306249414e+31
823141075.931	2.43074478211e+31
841848827.657	2.43084832608e+31
860556579.383	2.43093453272e+31
879264331.108	2.43100321776e+31
897972082.834	2.43105434247e+31
916679834.56	2.43108609829e+31
935387586.285	2.43109634901e+31
954095338.011	2.43108625254e+31
972803089.737	2.43105806104e+31
991510841.463	2.43101210999e+31
1010218593.19	2.430948521e+31
1028926344.91	2.4308686762e+31
1047634096.64	2.43077461624e+31
1066341848.37	2.43066867218e+31
1085049600.09	2.43055329401e+31
1103757351.82	2.43043020663e+31
1122465103.54	2.43030063118e+31
1141172855.27	2.43016645294e+31
1159880606.99	2.43003042234e+31
1178588358.72	2.42989547796e+31
1197296110.45	2.42976386587e+31
1216003862.17	2.42963691951e+31
1234711613.9	2.42951550405e+31
1253419365.62	2.42940025717e+31
1272127117.35	2.4292919999e+31
1290834869.07	2.42919224832e+31
1309542620.8	2.42910289763e+31
1328250372.53	2.42902549904e+31
1346958124.25	2.42896091114e+31
1365665875.98	2.42890953107e+31
1384373627.7	2.42887176004e+31
1403081379.43	2.42884828311e+31
1421789131.15	2.42883990917e+31
1440496882.88	2.42884741185e+31
1459204634.61	2.42887152149e+31
1477912386.33	2.42891273348e+31
1496620138.06	2.42897111319e+31
1515327889.78	2.4290462118e+31
1534035641.51	2.42913706569e+31
1552743393.23	2.42924214569e+31
1571451144.96	2.4293592112e+31
1590158896.69	2.42948570409e+31
1608866648.41	2.42961924237e+31
1627574400.14	2.42975752342e+31
1646282151.86	2.42989802777e+31
1664989903.59	2.43003799022e+31
1683697655.31	2.43017478413e+31
1702405407.04	2.43030641099e+31
1721113158.77	2.43043165845e+31
1739820910.49	2.43054964768e+31
1758528662.22	2.43065945351e+31
1777236413.94	2.43076062792e+31
1795944165.67	2.43085393281e+31
1814651917.39	2.43094100934e+31
1833359669.12	2.4310230745e+31
1852067420.85	2.4311001838e+31
1870775172.57	2.43117190657e+31
1889482924.3	2.43123829075e+31
1908190676.02	2.43129977061e+31
1926898427.75	2.43135597085e+31
1945606179.47	2.43140427281e+31
1964313931.2	2.43143951928e+31
1983021682.93	2.43145539363e+31
2001729434.65	2.4314461239e+31
2020437186.38	2.43140692569e+31
2039144938.1	2.43133308284e+31
2057852689.83	2.43121949224e+31
2076560441.55	2.4310618945e+31
2095268193.28	2.43085840381e+31
2113975945	2.43061015505e+31
2132683696.73	2.43032119884e+31
2151391448.46	2.42999801828e+31
2170099200.18	2.42964893919e+31
2188806951.91	2.42928363911e+31
2207514703.63	2.4289127826e+31
2226222455.36	2.42854765895e+31
2244930207.08	2.42819993206e+31
2263637958.81	2.42788158673e+31
2282345710.54	2.42760451727e+31
2301053462.26	2.42737890409e+31
2319761213.99	2.42721165288e+31
2338468965.71	2.42710677601e+31
2357176717.44	2.42706675639e+31
2375884469.16	2.42709289945e+31
2394592220.89	2.42718417303e+31
2413299972.62	2.42733616625e+31
2432007724.34	2.4275413331e+31
2450715476.07	2.42779015809e+31
2469423227.79	2.42807234483e+31
2488130979.52	2.42837738894e+31
2506838731.24	2.4286949984e+31
2525546482.97	2.42901512541e+31
2544254234.7	2.42932782173e+31
2562961986.42	2.42962359401e+31
2581669738.15	2.42989411617e+31
2600377489.87	2.43013262277e+31
2619085241.6	2.43033385726e+31
2637792993.32	2.43049401446e+31
2656500745.05	2.43061118541e+31
2675208496.78	2.43068524902e+31
2693916248.5	2.43071744845e+31
2712624000.23	2.43071069667e+31
2731331751.95	2.43066978209e+31
2750039503.68	2.43060077595e+31
2768747255.4	2.43051008832e+31
2787455007.13	2.43040372261e+31
2806162758.86	2.43028683369e+31
2824870510.58	2.43016398235e+31
2843578262.31	2.43003984224e+31
2862286014.03	2.42991899818e+31
2880993765.76	2.42980486757e+31
2899701517.48	2.42969938709e+31
2918409269.21	2.4296036506e+31
2937117020.94	2.42951804801e+31
2955824772.66	2.42944200849e+31
2974532524.39	2.42937424831e+31
2993240276.11	2.42931331633e+31
3011948027.84	2.42925766059e+31
3030655779.56	2.42920542276e+31
3049363531.29	2.42915473731e+31
3068071283.02	2.4291041766e+31
3086779034.74	2.42905284592e+31
3105486786.47	2.42900038573e+31
3124194538.19	2.42894691864e+31
3142902289.92	2.42889291974e+31
3161610041.64	2.42883911e+31
3180317793.37	2.4287865613e+31
3199025545.1	2.4287368046e+31
3217733296.82	2.42869149879e+31
3236441048.55	2.42865184289e+31
3255148800.27	2.42861838167e+31
3273856552	2.42859125383e+31
3292564303.72	2.42857060254e+31
3311272055.45	2.42855679702e+31
3329979807.18	2.42855014618e+31
3348687558.9	2.42855028488e+31
3367395310.63	2.42855603637e+31
3386103062.35	2.4285659687e+31
3404810814.08	2.42857905978e+31
3423518565.8	2.4285947263e+31
3442226317.53	2.42861251315e+31
3460934069.26	2.42863210963e+31
3479641820.98	2.42865349183e+31
3498349572.71	2.42867685284e+31
3517057324.43	2.42870242899e+31
3535765076.16	2.4287303911e+31
3554472827.88	2.42876087381e+31
3573180579.61	2.42879405478e+31
3591888331.34	2.42883013799e+31
3610596083.06	2.42886916151e+31
3629303834.79	2.42891073294e+31
3648011586.51	2.42895390775e+31
3666719338.24	2.42899733981e+31
3685427089.96	2.42903967021e+31
3704134841.69	2.42907986061e+31
3722842593.42	2.4291172478e+31
3741550345.14	2.42915135977e+31
3760258096.87	2.4291816913e+31
3778965848.59	2.42920762748e+31
3797673600.32	2.4292285579e+31
3816381352.04	2.42924424734e+31
3835089103.77	2.42925505399e+31
3853796855.5	2.42926161668e+31
3872504607.22	2.42926423714e+31
3891212358.95	2.42926273857e+31
3909920110.67	2.42925692736e+31
3928627862.4	2.42924672997e+31
3947335614.12	2.42923199137e+31
3966043365.85	2.42921252456e+31
3984751117.58	2.42918826572e+31
4003458869.3	2.42915929191e+31
4022166621.03	2.42912567663e+31
4040874372.75	2.4290873685e+31
4059582124.48	2.42904406015e+31
4078289876.2	2.42899515197e+31
4096997627.93	2.42894010275e+31
4115705379.66	2.42887894988e+31
4134413131.38	2.42881239183e+31
4153120883.11	2.42874126547e+31
4171828634.83	2.42866627205e+31
4190536386.56	2.42858833635e+31
4209244138.28	2.42850897392e+31
4227951890.01	2.42843027771e+31
4246659641.74	2.42835463949e+31
4265367393.46	2.42828430098e+31
4284075145.19	2.42822089371e+31
4302782896.91	2.42816552421e+31
4321490648.64	2.42811915242e+31
4340198400.36	2.42808266011e+31
4358906152.09	2.42805663421e+31
4377613903.82	2.4280411231e+31
4396321655.54	2.42803569413e+31
4415029407.27	2.42803952854e+31
4433737158.99	2.42805148465e+31
4452444910.72	2.42807020648e+31
4471152662.44	2.42809423144e+31
4489860414.17	2.42812222114e+31
4508568165.9	2.42815318109e+31
4527275917.62	2.42818648169e+31
4545983669.35	2.42822166168e+31
4564691421.07	2.42825796408e+31
4583399172.8	2.4282940556e+31
4602106924.52	2.42832873993e+31
4620814676.25	2.4283619919e+31
4639522427.98	2.42839460223e+31
4658230179.7	2.42842692767e+31
4676937931.43	2.42845851633e+31
4695645683.15	2.42848878426e+31
4714353434.88	2.42851775563e+31
4733061186.6	2.42854603212e+31
4751768938.33	2.42857400688e+31
4770476690.06	2.42860111794e+31
4789184441.78	2.42862590216e+31
4807892193.51	2.42864674094e+31
4826599945.23	2.42866246935e+31
4845307696.96	2.42867242823e+31
4864015448.68	2.4286762574e+31
4882723200.41	2.42867345425e+31
4901430952.14	2.42866298035e+31
4920138703.86	2.42864367033e+31
4938846455.59	2.42861521123e+31
4957554207.31	2.42857865805e+31
4976261959.04	2.42853608844e+31
4994969710.76	2.42848955949e+31
5013677462.49	2.42844030828e+31
5032385214.22	2.42838886683e+31
5051092965.94	2.42833563773e+31
5069800717.67	2.42828131357e+31
5088508469.39	2.42822695838e+31
5107216221.12	2.42817391136e+31
5125923972.84	2.42812331319e+31
5144631724.57	2.42807558025e+31
5163339476.3	2.42803044679e+31
5182047228.02	2.42798758747e+31
5200754979.75	2.42794705686e+31
5219462731.47	2.42790931048e+31
5238170483.2	2.42787476254e+31
5256878234.92	2.42784338282e+31
5275585986.65	2.42781493304e+31
5294293738.38	2.42778947938e+31
5313001490.1	2.42776727767e+31
5331709241.83	2.42774828426e+31
5350416993.55	2.42773218561e+31
5369124745.28	2.42771861012e+31
5387832497	2.4277072217e+31
5406540248.73	2.42769778897e+31
5425248000.46	2.42769031789e+31
5443955752.18	2.42768491907e+31
5462663503.91	2.4276813674e+31
5481371255.63	2.42767885921e+31
5500079007.36	2.42767626808e+31
5518786759.08	2.42767272073e+31
5537494510.81	2.4276679831e+31
5556202262.54	2.42766251726e+31
5574910014.26	2.42765719888e+31
5593617765.99	2.42765292987e+31
5612325517.71	2.42765065245e+31
5631033269.44	2.42765138836e+31
5649741021.16	2.42765594535e+31
5668448772.89	2.42766484218e+31
5687156524.62	2.42767830271e+31
5705864276.34	2.42769630435e+31
5724572028.07	2.4277185682e+31
5743279779.79	2.42774450696e+31
5761987531.52	2.42777318448e+31
5780695283.24	2.42780305779e+31
5799403034.97	2.42783202639e+31
5818110786.7	2.42785790884e+31
5836818538.42	2.42787908398e+31
5855526290.15	2.42789480108e+31
5874234041.87	2.42790462622e+31
5892941793.6	2.42790780977e+31
5911649545.32	2.4279032332e+31
5930357297.05	2.42789029262e+31
5949065048.78	2.42786986419e+31
5967772800.5	2.42784389092e+31
5986480552.23	2.42781417453e+31
6005188303.95	2.42778168947e+31
6023896055.68	2.42774699905e+31
6042603807.4	2.4277109233e+31
6061311559.13	2.42767467771e+31
6080019310.86	2.42763953805e+31
6098727062.58	2.42760629266e+31
6117434814.31	2.42757493647e+31
6136142566.03	2.42754445042e+31
6154850317.76	2.42751274116e+31
6173558069.48	2.42747728932e+31
6192265821.21	2.42743657634e+31
6210973572.93	2.42739070341e+31
6229681324.66	2.42734025781e+31
6248389076.39	2.42728533971e+31
6267096828.11	2.42722595049e+31
6285804579.84	2.4271630756e+31
6304512331.56	2.42709927757e+31
6323220083.29	2.42703800237e+31
6341927835.01	2.42698216784e+31
6360635586.74	2.4269334258e+31
6379343338.47	2.42689283281e+31
6398051090.19	2.42686158598e+31
6416758841.92	2.42684112074e+31
6435466593.64	2.42683245324e+31
6454174345.37	2.42683549703e+31
6472882097.09	2.42684899571e+31
6491589848.82	2.4268707541e+31
6510297600.55	2.4268981532e+31
6529005352.27	2.42692895784e+31
6547713104	2.42696188018e+31
6566420855.72	2.42699639913e+31
6585128607.45	2.42703187995e+31
6603836359.17	2.4270669499e+31
6622544110.9	2.42709974825e+31
6641251862.63	2.42712880819e+31
6659959614.35	2.42715358087e+31
6678667366.08	2.42717432653e+31
6697375117.8	2.42719186173e+31
6716082869.53	2.42720708287e+31
6734790621.25	2.42722025029e+31
6753498372.98	2.42723036085e+31
6772206124.71	2.42723512608e+31
6790913876.43	2.42723220292e+31
6809621628.16	2.42722055319e+31
6828329379.88	2.42720032145e+31
6847037131.61	2.42717225257e+31
6865744883.33	2.42713726027e+31
6884452635.06	2.42709595826e+31
6903160386.79	2.42704900091e+31
6921868138.51	2.42699794919e+31
6940575890.24	2.4269451237e+31
6959283641.96	2.42689276444e+31
6977991393.69	2.42684286038e+31
6996699145.41	2.42679737192e+31
7015406897.14	2.42675777256e+31
7034114648.87	2.42672472096e+31
7052822400.59	2.42669840943e+31
7071530152.32	2.42667871187e+31
7090237904.04	2.42666467931e+31
7108945655.77	2.4266544537e+31
7127653407.49	2.42664594754e+31
7146361159.22	2.42663711973e+31
7165068910.95	2.42662646274e+31
7183776662.67	2.42661375163e+31
7202484414.4	2.4265998125e+31
7221192166.12	2.4265855622e+31
7239899917.85	2.42657125749e+31
7258607669.57	2.42655627004e+31
7277315421.3	2.42653941625e+31
7296023173.03	2.4265203232e+31
7314730924.75	2.42650048914e+31
7333438676.48	2.4264829614e+31
7352146428.2	2.42647037777e+31
7370854179.93	2.42646298937e+31
7389561931.65	2.42645876549e+31
7408269683.38	2.4264548452e+31
7426977435.11	2.42644850636e+31
7445685186.83	2.42643750114e+31
7464392938.56	2.42642091323e+31
7483100690.28	2.42639912569e+31
7501808442.01	2.42637229796e+31
7520516193.73	2.4263401166e+31
7539223945.46	2.42630278226e+31
7557931697.19	2.42626149424e+31
7576639448.91	2.42621824967e+31
7595347200.64	2.42617543978e+31
7614054952.36	2.4261355799e+31
7632762704.09	2.4261015355e+31
7651470455.81	2.42607640975e+31
7670178207.54	2.42606271202e+31
7688885959.27	2.42606164801e+31
7707593710.99	2.42607261549e+31
7726301462.72	2.42609303357e+31
7745009214.44	2.42611923371e+31
7763716966.17	2.42614855137e+31
7782424717.89	2.42617993447e+31
7801132469.62	2.42621207906e+31
7819840221.35	2.42624233973e+31
7838547973.07	2.42626761905e+31
7857255724.8	2.42628602123e+31
7875963476.52	2.42629752707e+31
7894671228.25	2.42630283779e+31
7913378979.97	2.42630198844e+31
7932086731.7	2.42629467868e+31
7950794483.43	2.42628166427e+31
7969502235.15	2.42626479865e+31
7988209986.88	2.42624557237e+31
8006917738.6	2.42622376432e+31
8025625490.33	2.42619749819e+31
8044333242.05	2.42616446477e+31
8063040993.78	2.42612302089e+31
8081748745.51	2.42607259799e+31
8100456497.23	2.42601360127e+31
8119164248.96	2.42594702734e+31
8137872000.68	2.42587404233e+31
8156579752.41	2.42579641264e+31
8175287504.13	2.4257172153e+31
8193995255.86	2.42564052971e+31
8212703007.59	2.42557026883e+31
8231410759.31	2.42550955678e+31
8250118511.04	2.42546080587e+31
8268826262.76	2.42542593679e+31
8287534014.49	2.42540625465e+31
8306241766.21	2.42540218215e+31
8324949517.94	2.42541327801e+31
8343657269.67	2.42543790648e+31
8362365021.39	2.42547252548e+31
8381072773.12	2.42551172666e+31
8399780524.84	2.42554979669e+31
8418488276.57	2.42558265107e+31
8437196028.29	2.42560842583e+31
8455903780.02	2.42562656506e+31
8474611531.75	2.42563653309e+31
8493319283.47	2.42563763875e+31
8512027035.2	2.42563001611e+31
8530734786.92	2.42561525354e+31
8549442538.65	2.42559609488e+31
8568150290.37	2.42557564153e+31
8586858042.1	2.42555651166e+31
8605565793.83	2.42553978234e+31
8624273545.55	2.42552464739e+31
8642981297.28	2.42550968408e+31
8661689049	2.42549400688e+31
8680396800.73	2.42547631632e+31
8699104552.45	2.42545374494e+31
8717812304.18	2.42542274591e+31
8736520055.91	2.42538130622e+31
8755227807.63	2.42533020699e+31
8773935559.36	2.42527229026e+31
8792643311.08	2.4252104834e+31
8811351062.81	2.42514653045e+31
8830058814.53	2.42508169763e+31
8848766566.26	2.42501844851e+31
8867474317.99	2.42496133981e+31
8886182069.71	2.42491622988e+31
8904889821.44	2.42488866461e+31
8923597573.16	2.4248823506e+31
8942305324.89	2.42489802055e+31
8961013076.61	2.42493320124e+31
8979720828.34	2.42498332954e+31
8998428580.07	2.42504358226e+31
9017136331.79	2.42510960319e+31
9035844083.52	2.42517663548e+31
9054551835.24	2.4252394493e+31
9073259586.97	2.425293247e+31
9091967338.69	2.42533402222e+31
9110675090.42	2.42535854968e+31
9129382842.15	2.42536448381e+31
9148090593.87	2.42535059308e+31
9166798345.6	2.425317449e+31
9185506097.32	2.42526804825e+31
9204213849.05	2.42520689185e+31
9222921600.77	2.42513769347e+31
9241629352.5	2.42506248218e+31
9260337104.23	2.42498285205e+31
9279044855.95	2.42490093794e+31
9297752607.68	2.4248192533e+31
9316460359.4	2.42473982226e+31
9335168111.13	2.4246632293e+31
9353875862.85	2.42458882089e+31
9372583614.58	2.42451662398e+31
9391291366.31	2.42444860466e+31
9409999118.03	2.42438743384e+31
9428706869.76	2.42433487297e+31
9447414621.48	2.42429137393e+31
9466122373.21	2.42425664477e+31
9484830124.93	2.42423026282e+31
9503537876.66	2.42421257088e+31
9522245628.39	2.42420509548e+31
9540953380.11	2.42420979318e+31
9559661131.84	2.4242281736e+31
9578368883.56	2.42426047203e+31
9597076635.29	2.42430485947e+31
9615784387.01	2.4243576844e+31
9634492138.74	2.42441496419e+31
9653199890.47	2.42447390598e+31
9671907642.19	2.42453306075e+31
9690615393.92	2.42459094991e+31
9709323145.64	2.42464475092e+31
9728030897.37	2.42469063978e+31
9746738649.09	2.42472497031e+31
9765446400.82	2.42474528193e+31
9784154152.55	2.42475121562e+31
9802861904.27	2.42474404829e+31
9821569656	2.42472464157e+31
9840277407.72	2.42469210018e+31
9858985159.45	2.42464445796e+31
9877692911.17	2.42458056109e+31
9896400662.9	2.42450112302e+31
9915108414.63	2.42440811789e+31
9933816166.35	2.42430400229e+31
9952523918.08	2.42419164886e+31
9971231669.8	2.42407432679e+31
9989939421.53	2.42395585711e+31
10008647173.3	2.42384110787e+31
10027354925	2.42373579569e+31
10046062676.7	2.42364530707e+31
10064770428.4	2.42357401047e+31
10083478180.2	2.42352546613e+31
10102185931.9	2.42350297084e+31
10120893683.6	2.42350907564e+31
10139601435.3	2.42354461594e+31
10158309187.1	2.42360781804e+31
10177016938.8	2.42369454428e+31
10195724690.5	2.42379922274e+31
10214432442.2	2.42391531079e+31
10233140194	2.42403547132e+31
10251847945.7	2.42415183612e+31
10270555697.4	2.42425640834e+31
10289263449.1	2.42434184971e+31
10307971200.9	2.42440226003e+31
10326678952.6	2.42443369575e+31
10345386704.3	2.42443442555e+31
10364094456	2.42440467159e+31
10382802207.8	2.42434605536e+31
10401509959.5	2.42426152364e+31
10420217711.2	2.42415586388e+31
10438925462.9	2.42403560509e+31
10457633214.7	2.42390778681e+31
10476340966.4	2.42377846465e+31
10495048718.1	2.42365204456e+31
10513756469.8	2.42353166483e+31
10532464221.6	2.42342013055e+31
10551171973.3	2.42332013e+31
10569879725	2.42323346085e+31
10588587476.8	2.42316078688e+31
10607295228.5	2.42310227501e+31
10626002980.2	2.42305812949e+31
10644710731.9	2.4230281649e+31
10663418483.7	2.42301142348e+31
10682126235.4	2.42300661902e+31
10700833987.1	2.42301272984e+31
10719541738.8	2.42302959244e+31
10738249490.6	2.42305746477e+31
10756957242.3	2.423096317e+31
10775664994	2.42314560123e+31
10794372745.7	2.42320412423e+31
10813080497.5	2.42326988622e+31
10831788249.2	2.42334020816e+31
10850496000.9	2.42341229777e+31
10869203752.6	2.42348380816e+31
10887911504.4	2.42355274587e+31
10906619256.1	2.4236168104e+31
10925327007.8	2.42367295093e+31
10944034759.5	2.42371741662e+31
10962742511.3	2.42374653398e+31
10981450263	2.42375769015e+31
11000158014.7	2.42374953005e+31
11018865766.4	2.42372154613e+31
11037573518.2	2.42367368974e+31
11056281269.9	2.42360631616e+31
11074989021.6	2.42351993986e+31
11093696773.3	2.42341513321e+31
11112404525.1	2.42329318415e+31
11131112276.8	2.42315693178e+31
11149820028.5	2.42301066805e+31
11168527780.2	2.42285918438e+31
11187235532	2.42270748241e+31
11205943283.7	2.4225610264e+31
11224651035.4	2.42242574969e+31
11243358787.2	2.42230749457e+31
11262066538.9	2.42221159489e+31
11280774290.6	2.42214271583e+31
11299482042.3	2.42210454969e+31
11318189794.1	2.42209905949e+31
11336897545.8	2.42212646764e+31
11355605297.5	2.4221859312e+31
11374313049.2	2.42227569097e+31
11393020801	2.42239256044e+31
11411728552.7	2.42253121158e+31
11430436304.4	2.42268420871e+31
11449144056.1	2.42284281492e+31
11467851807.9	2.42299829967e+31
11486559559.6	2.42314243418e+31
11505267311.3	2.42326711437e+31
11523975063	2.42336453132e+31
11542682814.8	2.42342809168e+31
11561390566.5	2.42345358797e+31
11580098318.2	2.42343973866e+31
11598806069.9	2.42338734757e+31
11617513821.7	2.42329829138e+31
11636221573.4	2.42317561963e+31
11654929325.1	2.42302433523e+31
11673637076.8	2.42285170523e+31
11692344828.6	2.42266667183e+31
11711052580.3	2.42247824131e+31
11729760332	2.4222937292e+31
11748468083.7	2.42211895318e+31
11767175835.5	2.4219592039e+31
11785883587.2	2.42181995554e+31
11804591338.9	2.4217059214e+31
11823299090.6	2.42162012854e+31
11842006842.4	2.42156400284e+31
11860714594.1	2.42153791673e+31
11879422345.8	2.42154132482e+31
11898130097.6	2.42157229886e+31
11916837849.3	2.42162731174e+31
11935545601	2.42170182741e+31
11954253352.7	2.42179105197e+31
11972961104.5	2.42189048233e+31
11991668856.2	2.42199619364e+31
12010376607.9	2.42210470929e+31
12029084359.6	2.42221253518e+31
12047792111.4	2.42231571477e+31
12066499863.1	2.42241015893e+31
12085207614.8	2.42249242543e+31
12103915366.5	2.42256004449e+31
12122623118.3	2.42261132145e+31
12141330870	2.42264516024e+31
12160038621.7	2.42266087907e+31
12178746373.4	2.42265795826e+31
12197454125.2	2.42263614066e+31
12216161876.9	2.42259551915e+31
12234869628.6	2.42253617142e+31
12253577380.3	2.42245792588e+31
12272285132.1	2.42236079e+31
12290992883.8	2.42224546108e+31
12309700635.5	2.42211342255e+31
12328408387.2	2.42196694257e+31
12347116139	2.42180929598e+31
12365823890.7	2.42164467074e+31
12384531642.4	2.4214777072e+31
12403239394.1	2.42131294781e+31
12421947145.9	2.42115477996e+31
12440654897.6	2.42100830373e+31
12459362649.3	2.42088027754e+31
12478070401	2.42077853855e+31
12496778152.8	2.42070982698e+31
12515485904.5	2.42067791112e+31
12534193656.2	2.4206835802e+31
12552901407.9	2.42072595377e+31
12571609159.7	2.42080399875e+31
12590316911.4	2.42091696668e+31
12609024663.1	2.42106287787e+31
12627732414.9	2.42123653397e+31
12646440166.6	2.42142904718e+31
12665147918.3	2.42162909953e+31
12683855670	2.4218250028e+31
12702563421.8	2.42200640531e+31
12721271173.5	2.42216449393e+31
12739978925.2	2.42229104594e+31
12758686676.9	2.42237793993e+31
12777394428.7	2.42241819316e+31
12796102180.4	2.42240775835e+31
12814809932.1	2.42234624561e+31
12833517683.8	2.42223604733e+31
12852225435.6	2.42208121895e+31
12870933187.3	2.42188746096e+31
12889640939	2.42166280403e+31
12908348690.7	2.42141772253e+31
12927056442.5	2.42116422358e+31
12945764194.2	2.42091436571e+31
12964471945.9	2.4206789941e+31
12983179697.6	2.42046728509e+31
13001887449.4	2.42028692075e+31
13020595201.1	2.42014431523e+31
13039302952.8	2.4200440942e+31
13058010704.5	2.41998811951e+31
13076718456.3	2.41997564937e+31
13095426208	2.42000429132e+31
13114133959.7	2.42007064957e+31
13132841711.4	2.42017000556e+31
13151549463.2	2.42029556586e+31
13170257214.9	2.42043897547e+31
13188964966.6	2.42059222766e+31
13207672718.3	2.42074939648e+31
13226380470.1	2.42090635454e+31
13245088221.8	2.42105862153e+31
13263795973.5	2.42119991603e+31
13282503725.3	2.42132311449e+31
13301211477	2.42142237041e+31
13319919228.7	2.42149464281e+31
13338626980.4	2.42153976663e+31
13357334732.2	2.42155885533e+31
13376042483.9	2.42155234492e+31
13394750235.6	2.42151919867e+31
13413457987.3	2.42145773543e+31
13432165739.1	2.42136753069e+31
13450873490.8	2.42125070683e+31
13469581242.5	2.42111113926e+31
13488288994.2	2.42095267483e+31
13506996746	2.42077856513e+31
13525704497.7	2.42059244361e+31
13544412249.4	2.42039933159e+31
13563120001.1	2.4202053973e+31
13581827752.9	2.42001675917e+31
13600535504.6	2.41983863685e+31
13619243256.3	2.41967556352e+31
13637951008	2.41953222839e+31
13656658759.8	2.41941406468e+31
13675366511.5	2.4193269491e+31
13694074263.2	2.41927612665e+31
13712782014.9	2.41926501151e+31
13731489766.7	2.41929444174e+31
13750197518.4	2.41936273811e+31
13768905270.1	2.41946682925e+31
13787613021.8	2.419603245e+31
13806320773.6	2.41976776336e+31
13825028525.3	2.41995437436e+31
13843736277	2.42015495867e+31
13862444028.7	2.42035980293e+31
13881151780.5	2.42055842708e+31
13899859532.2	2.4207402906e+31
13918567283.9	2.4208956218e+31
13937275035.7	2.42101618277e+31
13955982787.4	2.42109558867e+31
13974690539.1	2.42112917023e+31
13993398290.8	2.42111386911e+31
14012106042.6	2.42104855188e+31
14030813794.3	2.42093455311e+31
14049521546	2.42077588975e+31
14068229297.7	2.42057902811e+31
14086937049.5	2.42035234934e+31
14105644801.2	2.42010553386e+31
14124352552.9	2.41984899238e+31
14143060304.6	2.41959331808e+31
14161768056.4	2.41934891863e+31
14180475808.1	2.41912571157e+31
14199183559.8	2.41893243038e+31
14217891311.5	2.41877578255e+31
14236599063.3	2.41866000751e+31
14255306815	2.41858740569e+31
14274014566.7	2.41855864563e+31
14292722318.4	2.41857264637e+31
14311430070.2	2.41862614909e+31
14330137821.9	2.41871403824e+31
14348845573.6	2.4188300483e+31
14367553325.3	2.41896735939e+31
14386261077.1	2.41911907591e+31
14404968828.8	2.41927874293e+31
14423676580.5	2.41944078746e+31
14442384332.2	2.41960027198e+31
14461092084	2.41975211013e+31
14479799835.7	2.41989047278e+31
14498507587.4	2.42000919854e+31
14517215339.1	2.42010325744e+31
14535923090.9	2.42016971565e+31
14554630842.6	2.42020725383e+31
14573338594.3	2.42021499412e+31
14592046346.1	2.42019170133e+31
14610754097.8	2.42013570537e+31
14629461849.5	2.42004610463e+31
14648169601.2	2.41992425775e+31
14666877353	2.4197736902e+31
14685585104.7	2.41959892975e+31
14704292856.4	2.41940498794e+31
14723000608.1	2.41919769592e+31
14741708359.9	2.41898401465e+31
14760416111.6	2.41877174442e+31
14779123863.3	2.41856874979e+31
14797831615	2.41838217475e+31
14816539366.8	2.4182181103e+31
14835247118.5	2.41808193276e+31
14853954870.2	2.41797834751e+31
14872662621.9	2.41791100201e+31
14891370373.7	2.41788217436e+31
14910078125.4	2.41789277491e+31
14928785877.1	2.41794245183e+31
14947493628.8	2.41802924863e+31
14966201380.6	2.41814885461e+31
14984909132.3	2.41829493686e+31
15003616884	2.41846023854e+31
15022324635.7	2.41863774018e+31
15041032387.5	2.41882062623e+31
15059740139.2	2.41900062717e+31
15078447890.9	2.41916808247e+31
15097155642.6	2.41931395184e+31
15115863394.4	2.41943132122e+31
15134571146.1	2.41951540246e+31
15153278897.8	2.41956289542e+31
15171986649.5	2.41957159309e+31
15190694401.3	2.41954040895e+31
15209402153	2.41946952609e+31
15228109904.7	2.41936056546e+31
15246817656.5	2.41921680585e+31
15265525408.2	2.41904310545e+31
15284233159.9	2.41884596419e+31
15302940911.6	2.41863345726e+31
15321648663.4	2.41841387958e+31
15340356415.1	2.41819370654e+31
15359064166.8	2.41797876665e+31
15377771918.5	2.4177760265e+31
15396479670.3	2.4175933844e+31
15415187422	2.41743829695e+31
15433895173.7	2.41731668622e+31
15452602925.4	2.41723212352e+31
15471310677.2	2.4171853248e+31
15490018428.9	2.41717471134e+31
15508726180.6	2.41719789382e+31
15527433932.3	2.41725346095e+31
15546141684.1	2.41734028416e+31
15564849435.8	2.41745471704e+31
15583557187.5	2.41758992908e+31
15602264939.2	2.41773810963e+31
15620972691	2.4178928039e+31
15639680442.7	2.41804933113e+31
15658388194.4	2.41820372e+31
15677095946.1	2.41835100793e+31
15695803697.9	2.41848422824e+31
15714511449.6	2.41859630044e+31
15733219201.3	2.41868234248e+31
15751926953	2.41873962219e+31
15770634704.8	2.41876651908e+31
15789342456.5	2.41876131099e+31
15808050208.2	2.41872156272e+31
15826757959.9	2.41864504931e+31
15845465711.7	2.4185317494e+31
15864173463.4	2.41838468312e+31
15882881215.1	2.41820895045e+31
15901588966.9	2.41801050657e+31
15920296718.6	2.41779574071e+31
15939004470.3	2.4175718025e+31
15957712222	2.41734723623e+31
15976419973.8	2.4171319529e+31
15995127725.5	2.41693543212e+31
16013835477.2	2.41676446957e+31
16032543228.9	2.416623342e+31
16051250980.7	2.41651610348e+31
16069958732.4	2.41644687718e+31
16088666484.1	2.41641831366e+31
16107374235.8	2.41643092157e+31
16126081987.6	2.41648291689e+31
16144789739.3	2.41657021059e+31
16163497491	2.41668722917e+31
16182205242.7	2.41682779714e+31
16200912994.5	2.41698534194e+31
16219620746.2	2.41715289364e+31
16238328497.9	2.41732324214e+31
16257036249.6	2.41748883626e+31
16275744001.4	2.41764125354e+31
16294451753.1	2.41777218767e+31
16313159504.8	2.41787554618e+31
16331867256.5	2.4179479753e+31
16350575008.3	2.4179875754e+31
16369282760	2.41799270715e+31
16387990511.7	2.41796217706e+31
16406698263.4	2.41789596573e+31
16425406015.2	2.41779551659e+31
16444113766.9	2.41766414734e+31
16462821518.6	2.41750690127e+31
16481529270.3	2.41732960823e+31
16500237022.1	2.41713795193e+31
16518944773.8	2.41693769696e+31
16537652525.5	2.41673403273e+31
16556360277.3	2.41653277037e+31
16575068029	2.41634062463e+31
16593775780.7	2.41616458349e+31
16612483532.4	2.41601103878e+31
16631191284.2	2.41588535945e+31
16649899035.9	2.41579168406e+31
16668606787.6	2.41573301012e+31
16687314539.3	2.41571057776e+31
16706022291.1	2.41572346586e+31
16724730042.8	2.41576929971e+31
16743437794.5	2.41584544971e+31
16762145546.2	2.41594946518e+31
16780853298	2.41607727836e+31
16799561049.7	2.41622187777e+31
16818268801.4	2.41637524501e+31
16836976553.1	2.41653095497e+31
16855684304.9	2.41668444552e+31
16874392056.6	2.41683110518e+31
16893099808.3	2.4169648077e+31
16911807560	2.4170785868e+31
16930515311.8	2.41716633173e+31
16949223063.5	2.41722418124e+31
16967930815.2	2.4172505438e+31
16986638566.9	2.4172447218e+31
17005346318.7	2.41720580128e+31
17024054070.4	2.41713263736e+31
17042761822.1	2.41702485337e+31
17061469573.8	2.41688402751e+31
17080177325.6	2.41671413941e+31
17098885077.3	2.4165210281e+31
17117592829	2.41631150655e+31
17136300580.7	2.41609285533e+31
17155008332.5	2.41587288007e+31
17173716084.2	2.41565997217e+31
17192423835.9	2.41546222061e+31
17211131587.7	2.41528635574e+31
17229839339.4	2.41513775451e+31
17248547091.1	2.4150215826e+31
17267254842.8	2.41494287659e+31
17285962594.6	2.41490472352e+31
17304670346.3	2.41490718182e+31
17323378098	2.41494790318e+31
17342085849.7	2.41502326536e+31
17360793601.5	2.41512896485e+31
17379501353.2	2.41526011117e+31
17398209104.9	2.41541092158e+31
17416916856.6	2.41557431908e+31
17435624608.4	2.41574181002e+31
17454332360.1	2.415904391e+31
17473040111.8	2.4160539655e+31
17491747863.5	2.41618370026e+31
17510455615.3	2.41628775391e+31
17529163367	2.41636125906e+31
17547871118.7	2.41640060209e+31
17566578870.4	2.41640382067e+31
17585286622.2	2.41637079956e+31
17603994373.9	2.41630283826e+31
17622702125.6	2.41620218131e+31
17641409877.3	2.41607225608e+31
17660117629.1	2.41591821921e+31
17678825380.8	2.41574631313e+31
17697533132.5	2.41556302699e+31
17716240884.2	2.41537423671e+31
17734948636	2.41518592525e+31
17753656387.7	2.41500419636e+31
17772364139.4	2.4148349076e+31
17791071891.1	2.41468314581e+31
17809779642.9	2.41455336075e+31
17828487394.6	2.41444919716e+31
