0	1.04718509e+14	0.00000000e+00	0.00000000e+00
1	1.04702560e+14	1.82758999e+12	0.00000000e+00
2	1.04654718e+14	3.65462328e+12	0.00000000e+00
3	1.04574996e+14	5.48054333e+12	0.00000000e+00
4	1.04463420e+14	7.30479396e+12	0.00000000e+00
5	1.04320024e+14	9.12681947e+12	0.00000000e+00
6	1.04144851e+14	1.09460649e+13	0.00000000e+00
7	1.03937954e+14	1.27619760e+13	0.00000000e+00
8	1.03699396e+14	1.45739997e+13	0.00000000e+00
9	1.03429251e+14	1.63815840e+13	0.00000000e+00
10	1.03127600e+14	1.81841783e+13	0.00000000e+00
11	1.02794536e+14	1.99812336e+13	0.00000000e+00
12	1.02430159e+14	2.17722024e+13	0.00000000e+00
13	1.02034581e+14	2.35565391e+13	0.00000000e+00
14	1.01607922e+14	2.53337003e+13	0.00000000e+00
15	1.01150313e+14	2.71031446e+13	0.00000000e+00
16	1.00661892e+14	2.88643331e+13	0.00000000e+00
17	1.00142809e+14	3.06167291e+13	0.00000000e+00
18	9.95932208e+13	3.23597991e+13	0.00000000e+00
19	9.90132959e+13	3.40930119e+13	0.00000000e+00
20	9.84032106e+13	3.58158396e+13	0.00000000e+00
21	9.77631508e+13	3.75277575e+13	0.00000000e+00
22	9.70933113e+13	3.92282441e+13	0.00000000e+00
23	9.63938962e+13	4.09167814e+13	0.00000000e+00
24	9.56651187e+13	4.25928550e+13	0.00000000e+00
25	9.49072006e+13	4.42559545e+13	0.00000000e+00
26	9.41203729e+13	4.59055731e+13	0.00000000e+00
27	9.33048752e+13	4.75412085e+13	0.00000000e+00
28	9.24609559e+13	4.91623623e+13	0.00000000e+00
29	9.15888721e+13	5.07685408e+13	0.00000000e+00
30	9.06888895e+13	5.23592547e+13	0.00000000e+00
31	8.97612821e+13	5.39340195e+13	0.00000000e+00
32	8.88063326e+13	5.54923555e+13	0.00000000e+00
33	8.78243318e+13	5.70337880e+13	0.00000000e+00
34	8.68155789e+13	5.85578474e+13	0.00000000e+00
35	8.57803811e+13	6.00640695e+13	0.00000000e+00
36	8.47190538e+13	6.15519955e+13	0.00000000e+00
37	8.36319202e+13	6.30211722e+13	0.00000000e+00
38	8.25193116e+13	6.44711520e+13	0.00000000e+00
39	8.13815667e+13	6.59014933e+13	0.00000000e+00
40	8.02190323e+13	6.73117604e+13	0.00000000e+00
41	7.90320623e+13	6.87015237e+13	0.00000000e+00
42	7.78210185e+13	7.00703598e+13	0.00000000e+00
43	7.65862695e+13	7.14178517e+13	0.00000000e+00
44	7.53281917e+13	7.27435892e+13	0.00000000e+00
45	7.40471682e+13	7.40471682e+13	0.00000000e+00
46	7.27435892e+13	7.53281917e+13	0.00000000e+00
47	7.14178517e+13	7.65862695e+13	0.00000000e+00
48	7.00703598e+13	7.78210185e+13	0.00000000e+00
49	6.87015237e+13	7.90320623e+13	0.00000000e+00
50	6.73117604e+13	8.02190323e+13	0.00000000e+00
51	6.59014933e+13	8.13815667e+13	0.00000000e+00
52	6.44711520e+13	8.25193116e+13	0.00000000e+00
53	6.30211722e+13	8.36319202e+13	0.00000000e+00
54	6.15519955e+13	8.47190538e+13	0.00000000e+00
55	6.00640695e+13	8.57803811e+13	0.00000000e+00
56	5.85578474e+13	8.68155789e+13	0.00000000e+00
57	5.70337880e+13	8.78243318e+13	0.00000000e+00
58	5.54923555e+13	8.88063326e+13	0.00000000e+00
59	5.39340195e+13	8.97612821e+13	0.00000000e+00
60	5.23592547e+13	9.06888895e+13	0.00000000e+00
61	5.07685408e+13	9.15888721e+13	0.00000000e+00
62	4.91623623e+13	9.24609559e+13	0.00000000e+00
63	4.75412085e+13	9.33048752e+13	0.00000000e+00
64	4.59055731e+13	9.41203729e+13	0.00000000e+00
65	4.42559545e+13	9.49072006e+13	0.00000000e+00
66	4.25928550e+13	9.56651187e+13	0.00000000e+00
67	4.09167814e+13	9.63938962e+13	0.00000000e+00
68	3.92282441e+13	9.70933113e+13	0.00000000e+00
69	3.75277575e+13	9.77631508e+13	0.00000000e+00
70	3.58158396e+13	9.84032106e+13	0.00000000e+00
71	3.40930119e+13	9.90132959e+13	0.00000000e+00
72	3.23597991e+13	9.95932208e+13	0.00000000e+00
73	3.06167291e+13	1.00142809e+14	0.00000000e+00
74	2.88643331e+13	1.00661892e+14	0.00000000e+00
75	2.71031446e+13	1.01150313e+14	0.00000000e+00
76	2.53337003e+13	1.01607922e+14	0.00000000e+00
77	2.35565391e+13	1.02034581e+14	0.00000000e+00
78	2.17722024e+13	1.02430159e+14	0.00000000e+00
79	1.99812336e+13	1.02794536e+14	0.00000000e+00
80	1.81841783e+13	1.03127600e+14	0.00000000e+00
81	1.63815840e+13	1.03429251e+14	0.00000000e+00
82	1.45739997e+13	1.03699396e+14	0.00000000e+00
83	1.27619760e+13	1.03937954e+14	0.00000000e+00
84	1.09460649e+13	1.04144851e+14	0.00000000e+00
85	9.12681947e+12	1.04320024e+14	0.00000000e+00
86	7.30479396e+12	1.04463420e+14	0.00000000e+00
87	5.48054333e+12	1.04574996e+14	0.00000000e+00
88	3.65462328e+12	1.04654718e+14	0.00000000e+00
89	1.82758999e+12	1.04702560e+14	0.00000000e+00
90	6.41215937e-03	1.04718509e+14	0.00000000e+00
91	-1.82758999e+12	1.04702560e+14	0.00000000e+00
92	-3.65462328e+12	1.04654718e+14	0.00000000e+00
93	-5.48054333e+12	1.04574996e+14	0.00000000e+00
94	-7.30479396e+12	1.04463420e+14	0.00000000e+00
95	-9.12681947e+12	1.04320024e+14	0.00000000e+00
96	-1.09460649e+13	1.04144851e+14	0.00000000e+00
97	-1.27619760e+13	1.03937954e+14	0.00000000e+00
98	-1.45739997e+13	1.03699396e+14	0.00000000e+00
99	-1.63815840e+13	1.03429251e+14	0.00000000e+00
100	-1.81841783e+13	1.03127600e+14	0.00000000e+00
101	-1.99812336e+13	1.02794536e+14	0.00000000e+00
102	-2.17722024e+13	1.02430159e+14	0.00000000e+00
103	-2.35565391e+13	1.02034581e+14	0.00000000e+00
104	-2.53337003e+13	1.01607922e+14	0.00000000e+00
105	-2.71031446e+13	1.01150313e+14	0.00000000e+00
106	-2.88643331e+13	1.00661892e+14	0.00000000e+00
107	-3.06167291e+13	1.00142809e+14	0.00000000e+00
108	-3.23597991e+13	9.95932208e+13	0.00000000e+00
109	-3.40930119e+13	9.90132959e+13	0.00000000e+00
110	-3.58158396e+13	9.84032106e+13	0.00000000e+00
111	-3.75277575e+13	9.77631508e+13	0.00000000e+00
112	-3.92282441e+13	9.70933113e+13	0.00000000e+00
113	-4.09167814e+13	9.63938962e+13	0.00000000e+00
114	-4.25928550e+13	9.56651187e+13	0.00000000e+00
115	-4.42559545e+13	9.49072006e+13	0.00000000e+00
116	-4.59055731e+13	9.41203729e+13	0.00000000e+00
117	-4.75412085e+13	9.33048752e+13	0.00000000e+00
118	-4.91623623e+13	9.24609559e+13	0.00000000e+00
119	-5.07685408e+13	9.15888721e+13	0.00000000e+00
120	-5.23592547e+13	9.06888895e+13	0.00000000e+00
121	-5.39340195e+13	8.97612821e+13	0.00000000e+00
122	-5.54923555e+13	8.88063326e+13	0.00000000e+00
123	-5.70337880e+13	8.78243318e+13	0.00000000e+00
124	-5.85578474e+13	8.68155789e+13	0.00000000e+00
125	-6.00640695e+13	8.57803811e+13	0.00000000e+00
126	-6.15519955e+13	8.47190538e+13	0.00000000e+00
127	-6.30211722e+13	8.36319202e+13	0.00000000e+00
128	-6.44711520e+13	8.25193116e+13	0.00000000e+00
129	-6.59014933e+13	8.13815667e+13	0.00000000e+00
130	-6.73117604e+13	8.02190323e+13	0.00000000e+00
131	-6.87015237e+13	7.90320623e+13	0.00000000e+00
132	-7.00703598e+13	7.78210185e+13	0.00000000e+00
133	-7.14178517e+13	7.65862695e+13	0.00000000e+00
134	-7.27435892e+13	7.53281917e+13	0.00000000e+00
135	-7.40471682e+13	7.40471682e+13	0.00000000e+00
136	-7.53281917e+13	7.27435892e+13	0.00000000e+00
137	-7.65862695e+13	7.14178517e+13	0.00000000e+00
138	-7.78210185e+13	7.00703598e+13	0.00000000e+00
139	-7.90320623e+13	6.87015237e+13	0.00000000e+00
140	-8.02190323e+13	6.73117604e+13	0.00000000e+00
141	-8.13815667e+13	6.59014933e+13	0.00000000e+00
142	-8.25193116e+13	6.44711520e+13	0.00000000e+00
143	-8.36319202e+13	6.30211722e+13	0.00000000e+00
144	-8.47190538e+13	6.15519955e+13	0.00000000e+00
145	-8.57803811e+13	6.00640695e+13	0.00000000e+00
146	-8.68155789e+13	5.85578474e+13	0.00000000e+00
147	-8.78243318e+13	5.70337880e+13	0.00000000e+00
148	-8.88063326e+13	5.54923555e+13	0.00000000e+00
149	-8.97612821e+13	5.39340195e+13	0.00000000e+00
150	-9.06888895e+13	5.23592547e+13	0.00000000e+00
151	-9.15888721e+13	5.07685408e+13	0.00000000e+00
152	-9.24609559e+13	4.91623623e+13	0.00000000e+00
153	-9.33048752e+13	4.75412085e+13	0.00000000e+00
154	-9.41203729e+13	4.59055731e+13	0.00000000e+00
155	-9.49072006e+13	4.42559545e+13	0.00000000e+00
156	-9.56651187e+13	4.25928550e+13	0.00000000e+00
157	-9.63938962e+13	4.09167814e+13	0.00000000e+00
158	-9.70933113e+13	3.92282441e+13	0.00000000e+00
159	-9.77631508e+13	3.75277575e+13	0.00000000e+00
160	-9.84032106e+13	3.58158396e+13	0.00000000e+00
161	-9.90132959e+13	3.40930119e+13	0.00000000e+00
162	-9.95932208e+13	3.23597991e+13	0.00000000e+00
163	-1.00142809e+14	3.06167291e+13	0.00000000e+00
164	-1.00661892e+14	2.88643331e+13	0.00000000e+00
165	-1.01150313e+14	2.71031446e+13	0.00000000e+00
166	-1.01607922e+14	2.53337003e+13	0.00000000e+00
167	-1.02034581e+14	2.35565391e+13	0.00000000e+00
168	-1.02430159e+14	2.17722024e+13	0.00000000e+00
169	-1.02794536e+14	1.99812336e+13	0.00000000e+00
170	-1.03127600e+14	1.81841783e+13	0.00000000e+00
171	-1.03429251e+14	1.63815840e+13	0.00000000e+00
172	-1.03699396e+14	1.45739997e+13	0.00000000e+00
173	-1.03937954e+14	1.27619760e+13	0.00000000e+00
174	-1.04144851e+14	1.09460649e+13	0.00000000e+00
175	-1.04320024e+14	9.12681947e+12	0.00000000e+00
176	-1.04463420e+14	7.30479396e+12	0.00000000e+00
177	-1.04574996e+14	5.48054333e+12	0.00000000e+00
178	-1.04654718e+14	3.65462328e+12	0.00000000e+00
179	-1.04702560e+14	1.82758999e+12	0.00000000e+00
180	-1.04718509e+14	1.28243187e-02	0.00000000e+00
181	-1.04702560e+14	-1.82758999e+12	0.00000000e+00
182	-1.04654718e+14	-3.65462328e+12	0.00000000e+00
183	-1.04574996e+14	-5.48054333e+12	0.00000000e+00
184	-1.04463420e+14	-7.30479396e+12	0.00000000e+00
185	-1.04320024e+14	-9.12681947e+12	0.00000000e+00
186	-1.04144851e+14	-1.09460649e+13	0.00000000e+00
187	-1.03937954e+14	-1.27619760e+13	0.00000000e+00
188	-1.03699396e+14	-1.45739997e+13	0.00000000e+00
189	-1.03429251e+14	-1.63815840e+13	0.00000000e+00
190	-1.03127600e+14	-1.81841783e+13	0.00000000e+00
191	-1.02794536e+14	-1.99812336e+13	0.00000000e+00
192	-1.02430159e+14	-2.17722024e+13	0.00000000e+00
193	-1.02034581e+14	-2.35565391e+13	0.00000000e+00
194	-1.01607922e+14	-2.53337003e+13	0.00000000e+00
195	-1.01150313e+14	-2.71031446e+13	0.00000000e+00
196	-1.00661892e+14	-2.88643331e+13	0.00000000e+00
197	-1.00142809e+14	-3.06167291e+13	0.00000000e+00
198	-9.95932208e+13	-3.23597991e+13	0.00000000e+00
199	-9.90132959e+13	-3.40930119e+13	0.00000000e+00
200	-9.84032106e+13	-3.58158396e+13	0.00000000e+00
201	-9.77631508e+13	-3.75277575e+13	0.00000000e+00
202	-9.70933113e+13	-3.92282441e+13	0.00000000e+00
203	-9.63938962e+13	-4.09167814e+13	0.00000000e+00
204	-9.56651187e+13	-4.25928550e+13	0.00000000e+00
205	-9.49072006e+13	-4.42559545e+13	0.00000000e+00
206	-9.41203729e+13	-4.59055731e+13	0.00000000e+00
207	-9.33048752e+13	-4.75412085e+13	0.00000000e+00
208	-9.24609559e+13	-4.91623623e+13	0.00000000e+00
209	-9.15888721e+13	-5.07685408e+13	0.00000000e+00
210	-9.06888895e+13	-5.23592547e+13	0.00000000e+00
211	-8.97612821e+13	-5.39340195e+13	0.00000000e+00
212	-8.88063326e+13	-5.54923555e+13	0.00000000e+00
213	-8.78243318e+13	-5.70337880e+13	0.00000000e+00
214	-8.68155789e+13	-5.85578474e+13	0.00000000e+00
215	-8.57803811e+13	-6.00640695e+13	0.00000000e+00
216	-8.47190538e+13	-6.15519955e+13	0.00000000e+00
217	-8.36319202e+13	-6.30211722e+13	0.00000000e+00
218	-8.25193116e+13	-6.44711520e+13	0.00000000e+00
219	-8.13815667e+13	-6.59014933e+13	0.00000000e+00
220	-8.02190323e+13	-6.73117604e+13	0.00000000e+00
221	-7.90320623e+13	-6.87015237e+13	0.00000000e+00
222	-7.78210185e+13	-7.00703598e+13	0.00000000e+00
223	-7.65862695e+13	-7.14178517e+13	0.00000000e+00
224	-7.53281917e+13	-7.27435892e+13	0.00000000e+00
225	-7.40471682e+13	-7.40471682e+13	0.00000000e+00
226	-7.27435892e+13	-7.53281917e+13	0.00000000e+00
227	-7.14178517e+13	-7.65862695e+13	0.00000000e+00
228	-7.00703598e+13	-7.78210185e+13	0.00000000e+00
229	-6.87015237e+13	-7.90320623e+13	0.00000000e+00
230	-6.73117604e+13	-8.02190323e+13	0.00000000e+00
231	-6.59014933e+13	-8.13815667e+13	0.00000000e+00
232	-6.44711520e+13	-8.25193116e+13	0.00000000e+00
233	-6.30211722e+13	-8.36319202e+13	0.00000000e+00
234	-6.15519955e+13	-8.47190538e+13	0.00000000e+00
235	-6.00640695e+13	-8.57803811e+13	0.00000000e+00
236	-5.85578474e+13	-8.68155789e+13	0.00000000e+00
237	-5.70337880e+13	-8.78243318e+13	0.00000000e+00
238	-5.54923555e+13	-8.88063326e+13	0.00000000e+00
239	-5.39340195e+13	-8.97612821e+13	0.00000000e+00
240	-5.23592547e+13	-9.06888895e+13	0.00000000e+00
241	-5.07685408e+13	-9.15888721e+13	0.00000000e+00
242	-4.91623623e+13	-9.24609559e+13	0.00000000e+00
243	-4.75412085e+13	-9.33048752e+13	0.00000000e+00
244	-4.59055731e+13	-9.41203729e+13	0.00000000e+00
245	-4.42559545e+13	-9.49072006e+13	0.00000000e+00
246	-4.25928550e+13	-9.56651187e+13	0.00000000e+00
247	-4.09167814e+13	-9.63938962e+13	0.00000000e+00
248	-3.92282441e+13	-9.70933113e+13	0.00000000e+00
249	-3.75277575e+13	-9.77631508e+13	0.00000000e+00
250	-3.58158396e+13	-9.84032106e+13	0.00000000e+00
251	-3.40930119e+13	-9.90132959e+13	0.00000000e+00
252	-3.23597991e+13	-9.95932208e+13	0.00000000e+00
253	-3.06167291e+13	-1.00142809e+14	0.00000000e+00
254	-2.88643331e+13	-1.00661892e+14	0.00000000e+00
255	-2.71031446e+13	-1.01150313e+14	0.00000000e+00
256	-2.53337003e+13	-1.01607922e+14	0.00000000e+00
257	-2.35565391e+13	-1.02034581e+14	0.00000000e+00
258	-2.17722024e+13	-1.02430159e+14	0.00000000e+00
259	-1.99812336e+13	-1.02794536e+14	0.00000000e+00
260	-1.81841783e+13	-1.03127600e+14	0.00000000e+00
261	-1.63815840e+13	-1.03429251e+14	0.00000000e+00
262	-1.45739997e+13	-1.03699396e+14	0.00000000e+00
263	-1.27619760e+13	-1.03937954e+14	0.00000000e+00
264	-1.09460649e+13	-1.04144851e+14	0.00000000e+00
265	-9.12681947e+12	-1.04320024e+14	0.00000000e+00
266	-7.30479396e+12	-1.04463420e+14	0.00000000e+00
267	-5.48054333e+12	-1.04574996e+14	0.00000000e+00
268	-3.65462328e+12	-1.04654718e+14	0.00000000e+00
269	-1.82758999e+12	-1.04702560e+14	0.00000000e+00
270	-1.92364781e-02	-1.04718509e+14	0.00000000e+00
271	1.82758999e+12	-1.04702560e+14	0.00000000e+00
272	3.65462328e+12	-1.04654718e+14	0.00000000e+00
273	5.48054333e+12	-1.04574996e+14	0.00000000e+00
274	7.30479396e+12	-1.04463420e+14	0.00000000e+00
275	9.12681947e+12	-1.04320024e+14	0.00000000e+00
276	1.09460649e+13	-1.04144851e+14	0.00000000e+00
277	1.27619760e+13	-1.03937954e+14	0.00000000e+00
278	1.45739997e+13	-1.03699396e+14	0.00000000e+00
279	1.63815840e+13	-1.03429251e+14	0.00000000e+00
280	1.81841783e+13	-1.03127600e+14	0.00000000e+00
281	1.99812336e+13	-1.02794536e+14	0.00000000e+00
282	2.17722024e+13	-1.02430159e+14	0.00000000e+00
283	2.35565391e+13	-1.02034581e+14	0.00000000e+00
284	2.53337003e+13	-1.01607922e+14	0.00000000e+00
285	2.71031446e+13	-1.01150313e+14	0.00000000e+00
286	2.88643331e+13	-1.00661892e+14	0.00000000e+00
287	3.06167291e+13	-1.00142809e+14	0.00000000e+00
288	3.23597991e+13	-9.95932208e+13	0.00000000e+00
289	3.40930119e+13	-9.90132959e+13	0.00000000e+00
290	3.58158396e+13	-9.84032106e+13	0.00000000e+00
291	3.75277575e+13	-9.77631508e+13	0.00000000e+00
292	3.92282441e+13	-9.70933113e+13	0.00000000e+00
293	4.09167814e+13	-9.63938962e+13	0.00000000e+00
294	4.25928550e+13	-9.56651187e+13	0.00000000e+00
295	4.42559545e+13	-9.49072006e+13	0.00000000e+00
296	4.59055731e+13	-9.41203729e+13	0.00000000e+00
297	4.75412085e+13	-9.33048752e+13	0.00000000e+00
298	4.91623623e+13	-9.24609559e+13	0.00000000e+00
299	5.07685408e+13	-9.15888721e+13	0.00000000e+00
300	5.23592547e+13	-9.06888895e+13	0.00000000e+00
301	5.39340195e+13	-8.97612821e+13	0.00000000e+00
302	5.54923555e+13	-8.88063326e+13	0.00000000e+00
303	5.70337880e+13	-8.78243318e+13	0.00000000e+00
304	5.85578474e+13	-8.68155789e+13	0.00000000e+00
305	6.00640695e+13	-8.57803811e+13	0.00000000e+00
306	6.15519955e+13	-8.47190538e+13	0.00000000e+00
307	6.30211722e+13	-8.36319202e+13	0.00000000e+00
308	6.44711520e+13	-8.25193116e+13	0.00000000e+00
309	6.59014933e+13	-8.13815667e+13	0.00000000e+00
310	6.73117604e+13	-8.02190323e+13	0.00000000e+00
311	6.87015237e+13	-7.90320623e+13	0.00000000e+00
312	7.00703598e+13	-7.78210185e+13	0.00000000e+00
313	7.14178517e+13	-7.65862695e+13	0.00000000e+00
314	7.27435892e+13	-7.53281917e+13	0.00000000e+00
315	7.40471682e+13	-7.40471682e+13	0.00000000e+00
316	7.53281917e+13	-7.27435892e+13	0.00000000e+00
317	7.65862695e+13	-7.14178517e+13	0.00000000e+00
318	7.78210185e+13	-7.00703598e+13	0.00000000e+00
319	7.90320623e+13	-6.87015237e+13	0.00000000e+00
320	8.02190323e+13	-6.73117604e+13	0.00000000e+00
321	8.13815667e+13	-6.59014933e+13	0.00000000e+00
322	8.25193116e+13	-6.44711520e+13	0.00000000e+00
323	8.36319202e+13	-6.30211722e+13	0.00000000e+00
324	8.47190538e+13	-6.15519955e+13	0.00000000e+00
325	8.57803811e+13	-6.00640695e+13	0.00000000e+00
326	8.68155789e+13	-5.85578474e+13	0.00000000e+00
327	8.78243318e+13	-5.70337880e+13	0.00000000e+00
328	8.88063326e+13	-5.54923555e+13	0.00000000e+00
329	8.97612821e+13	-5.39340195e+13	0.00000000e+00
330	9.06888895e+13	-5.23592547e+13	0.00000000e+00
331	9.15888721e+13	-5.07685408e+13	0.00000000e+00
332	9.24609559e+13	-4.91623623e+13	0.00000000e+00
333	9.33048752e+13	-4.75412085e+13	0.00000000e+00
334	9.41203729e+13	-4.59055731e+13	0.00000000e+00
335	9.49072006e+13	-4.42559545e+13	0.00000000e+00
336	9.56651187e+13	-4.25928550e+13	0.00000000e+00
337	9.63938962e+13	-4.09167814e+13	0.00000000e+00
338	9.70933113e+13	-3.92282441e+13	0.00000000e+00
339	9.77631508e+13	-3.75277575e+13	0.00000000e+00
340	9.84032106e+13	-3.58158396e+13	0.00000000e+00
341	9.90132959e+13	-3.40930119e+13	0.00000000e+00
342	9.95932208e+13	-3.23597991e+13	0.00000000e+00
343	1.00142809e+14	-3.06167291e+13	0.00000000e+00
344	1.00661892e+14	-2.88643331e+13	0.00000000e+00
345	1.01150313e+14	-2.71031446e+13	0.00000000e+00
346	1.01607922e+14	-2.53337003e+13	0.00000000e+00
347	1.02034581e+14	-2.35565391e+13	0.00000000e+00
348	1.02430159e+14	-2.17722024e+13	0.00000000e+00
349	1.02794536e+14	-1.99812336e+13	0.00000000e+00
350	1.03127600e+14	-1.81841783e+13	0.00000000e+00
351	1.03429251e+14	-1.63815840e+13	0.00000000e+00
352	1.03699396e+14	-1.45739997e+13	0.00000000e+00
353	1.03937954e+14	-1.27619760e+13	0.00000000e+00
354	1.04144851e+14	-1.09460649e+13	0.00000000e+00
355	1.04320024e+14	-9.12681947e+12	0.00000000e+00
356	1.04463420e+14	-7.30479396e+12	0.00000000e+00
357	1.04574996e+14	-5.48054333e+12	0.00000000e+00
358	1.04654718e+14	-3.65462328e+12	0.00000000e+00
359	1.04702560e+14	-1.82758999e+12	0.00000000e+00
